-9123
-643
-6547
13408
3305
6616
-9548
-5682
-5637
-7980
-7870
-4217
956
-3831
-5885
-1366
2052
8259
-11770
-5068
2618
9465
-11254
388
10771
-4301
8273
8304
6125
-9711
-9093
7474
7100
-3096
-2125
4831
7492
-6410
8403
4087
12569
5598
-3466
8758
13401
8951
1324
314
6884
-10094
6380
736
12232
-5628
7426
10504
8641
12961
6549
-3309
6199
1327
12766
3008
1040
-11489
8965
-11499
6984
8989
-4884
2969
10446
7569
3864
5419
12252
4940
-6556
10682
-1015
3777
13095
9400
-4873
2843
-794
7392
13314
-4919
-10790
-4009
-2852
-5612
3394
-9120
-3742
-1920
-5051
-11202
-7111
11069
-3831
287
-5330
3933
9367
4864
-6319
-7652
13730
6731
-5158
-2155
4545
-6859
-3902
-1827
7365
-5410
-436
-5421
-3599
8562
2872
12735
-8512
7048
-6491
10096
-10273
-10243
-989
-7898
7913
212
213
1910
1158
3775
13300
3363
-5494
4105
11793
1877
3239
2421
-5961
-11614
13846
10924
5150
-31
-6086
-3290
-3001
3979
6332
-9201
9008
6538
-11884
-11344
2229
4368
6062
9209
11707
-7405
-663
-3155
1413
4514
11330
13864
706
-399
6250
4972
10190
-1677
10253
-2451
7774
1766
-5968
4866
1078
11435
-4835
-4775
-2375
7751
-9425
2490
-952
-4027
7177
-11485
-4817
-6600
-6620
843
-10711
9937
10038
-4731
1504
10298
1907
-630
9578
-3165
-4700
5173
-673
1858
9843
5191
7508
1519
-2059
8926
11951
12420
12637
-7162
-10917
-4602
9944
-9426
8448
-8303
3858
5959
6112
9015
11258
-957
8931
9254
6849
-895
-10884
3741
-5811
7418
-2696
1329
7868
8148
3237
-9573
3627
-5311
10218
7652
-5800
-842
-4171
4789
-626
13565
-5277
-1134
-2502
-8402
4749
8537
-1734
-10844
9456
11378
6226
-6022
-5278
2474
-1846
-1333
-8879
5036
-9569
-11446
-246
-10465
13185
-2637
10217
1548
518
5806
6273
-1031
-9638
3434
6638
464
-4882
-5877
11868
13720
-3768
2182
8303
10801
4348
-2055
-10208
4317
2518
11058
9424
-1136
646
1268
3263
8426
11499
8598
-2658
7956
7441
-7602
-9913
-2531
-1236
-6601
-2977
2105
-8229
-9527
674
11883
11648
10439
13720
-5175
12322
-1254
3890
-8340
7628
-6436
-8641
-11271
13437
11253
9575
11372
4086
-9050
-2813
3353
-4033
-6895
12325
9292
2133
8617
7386
-1564
1666
2473
7994
13152
-11496
7685
-11023
-3303
-10906
-2777
12053
3990
-8087
-5606
-11517
-1223
7951
-3197
257
7309
-6174
-5965
12117
-10651
-6095
-2898
-4156
-10451
-9614
12599
8980
-5634
6526
2572
13780
11909
-5473
-10982
4450
-1100
8877
-5126
3982
13336
-11928
8061
5125
12177
2141
-8272
5098
5969
8023
-7558
-10821
7412
1833
9614
7234
13110
4301
-3938
-8333
12394
8731
-5536
3078
1301
10886
9752
6923
10721
12595
12942
-2078
-2250
3314
6561
1522
-10979
2098
258
-10912
12148
6248
7131
12086
5839
9901
2162
7220
12031
6912
12700
5143
-8744
7969
-11857
13046
-4397
650
2892
2084
-1237
2463
-8907
2972
2821
7363
4416
-6556
53
-11398
-932
-8845
-6989
-2860
8581
8549
-4178
-4763
-10542
10213
11635
-8116
-4499
3460
13311
2358
-4664
7426
2609
-4209
-11034
13601
6769
-11241
13735
10593
10464
4826
720
8620
-6010
-4523
13
3775
13358
12707
260
7829
-4653
-3284
12670
8711
7150
-886
2421
12194
10699
4321
-6349
-8892
9873
-6145
-9900
442
-10311
10203
6057
5189
-11918
-2902
1986
-8431
3827
-7553
2671
-9177
4495
13709
6558
8951
-3553
12979
-10543
12551
9651
6979
856
4471
13689
11614
13414
5980
11821
7272
-9178
-2387
-6879
13036
5557
7034
4240
-974
13180
-1205
-550
-2007
-7743
-1344
10289
3684
-11110
4859
9711
-7543
-7160
6824
-3391
-11697
-5312
-11160
4188
4827
11781
-168
-4857
617
4421
2094
-4903
7666
6986
8495
5269
9693
12536
4462
-9138
-1267
-6253
-3521
2022
-2295
3357
-3172
-1491
-4733
-5799
-2626
-2970
-5440
-11079
-6329
6426
-6622
-10540
-3285
-6897
-4281
-11005
12472
1841
-10266
7521
-6873
-11752
8844
587
13037
3357
9247
7292
-8891
1080
3964
3995
4021
6857
-3561
8014
1286
7092
10415
553
-7730
9272
5970
-5226
9014
-9373
-7842
8124
6870
6349
-1552
11419
12952
-11011
8869
2260
-6475
-2829
-6156
-1370
494
3332
6605
4444
-10211
1671
5529
-4940
-3764
-3827
-6145
-10448
1717
12948
11455
7089
2256
3258
-8403
-1748
12778
5184
13942
11113
2505
7445
8374
12819
6498
11606
-3650
301
-9253
3514
4672
12106
13211
-2680
4083
6466
-611
-2589
1298
12677
1591
-6167
-8513
-2083
13950
9731
1325
3964
10644
-10635
-9302
11637
1482
13579
12356
6014
-5028
-1998
-10118
6599
-7112
-6345
-3610
-6789
-9527
-571
-8735
-5266
7410
-4747
-7539
-7186
-563
-10270
13736
8524
-7448
1210
-4284
1613
-10789
5280
-10186
-6085
-11446
-9295
12569
7640
-7253
-3561
11257
9882
-1969
-9867
6108
-11598
5783
10992
11798
5603
2758
-1541
5571
1398
-10533
-8644
-762
266
-11651
4588
-2001
137
1214
-10258
12720
7830
1855
7865
-3769
-1791
13007
6860
8098
-6425
-3567
115
-5766
9852
1214
-4038
6284
6443
3507
4834
8311
-10203
11246
-11247
-363
-1010
-10150
-4897
-289
1316
-600
7625
13553
-9318
-7286
2958
3018
628
-3187
2913
5807
-7543
1659
-6207
11277
-9456
4657
-10423
2429
10523
4448
166
2738
9858
4506
9806
-2472
11434
8450
10669
2626
-7436
1994
-6462
-3773
3780
1035
2791
10118
-1816
1251
-6690
-6451
6915
3996
10975
8455
-234
-10397
-10218
1430
-9238
5047
-11654
-11778
-9549
6618
2146
11683
-5733
-10607
13138
10807
-3972
-2741
6846
10640
1793
9246
10870
7575
611
13216
-11198
-812
13321
-3836
2868
-8410
-4837
4459
-5463
-2775
-2164
-7527
749
-5432
10206
-626
3859
626
13591
-1368
7862
-10679
4141
1552
4139
-2615
8211
12800
5307
-7149
-3686
-6467
-3958
2963
-3599
-11246
10442
12879
288
13130
-10841
-3670
-4622
-1643
-11733
-2268
-6597
882
-10339
-3738
4862
9884
3160
-2481
-2617
-6855
-10730
-485
-8831
-11015
6871
-5790
-2074
-733
-9472
13394
-8630
-3012
-1310
-7806
-5068
7647
-2837
-5288
4794
11029
8310
-3172
11287
13920
5628
348
13190
144
-2853
-7452
-4175
3794
-8756
-4776
-7871
-3349
6572
11394
-10103
-5861
-7305
-6921
-4322
12334
4864
10346
-8002
5693
-327
10303
12834
-3693
6968
-8379
-4529
-2472
5665
-3843
9759
-5723
-857
6971
9758
13582
8240
5806
-211
9155
7392
-138
-6014
13283
2485
-8580
2352
9130
7304
5963
-8436
2912
-7367
-7855
2458
11525
4941
-6487
-1173
-4042
-4249
-5806
4348
-2825
-9372
4450
-3336
-4573
5434
11110
2126
-5175
-1296
-11914
714
-7489
-1767
11736
1900
-8643
11422
8942
6679
1304
992
9966
7520
-2864
-4263
3688
-2630
12913
-1954
-76
9710
5568
-11877
9554
2954
7256
1465
-660
-6681
12748
9021
-7370
-4589
-1938
-3670
-9669
7712
1335
-10988
-6451
1806
-5142
1401
-778
-2450
-10537
8012
1163
-10856
8873
-3263
-2050
12476
-9217
5327
13598
-6107
-1219
-11771
-1892
2647
2129
10105
2271
-10727
10799
8899
2260
-1636
10214
-7754
4154
-6814
-11910
3924
-3335
3852
-625
-1826
-10343
11636
13677
-6352
-4309
-5618
-6712
1600
1547
1410
206
-11139
-8386
-7889
-9044
-6296
5724
12115
-7941
13487
3665
13599
11565
-4226
-2844
-6249
5371
12701
9766
-81
6487
-4107
7569
11559
-72
12640
10283
-3370
2955
-11648
-7986
9488
-3649
6135
-5117
13305
10679
-10318
8265
-10532
11135
4758
13837
5762
-5328
-9928
1333
-9015
13619
13028
-8445
-9855
-8351
-11468
9394
1975
-2527
11664
-6562
922
-8380
-6346
-1393
-11254
1355
-6159
13322
3084
10302
7002
-9264
-9685
3698
-4095
-11685
6632
-10157
8849
4128
13627
-4569
-10326
-745
10048
-11381
12209
4958
-6887
-7755
-8004
-1334
-8123
12977
10253
-511
-10625
-7852
4160
-618
13474
12681
2402
7074
-11640
-7207
-7000
3068
13712
907
-10002
11273
1146
2247
13602
-5150
4285
230
10363
11866
8524
7654
-9378
-4754
-6993
5096
-8434
7535
-11504
-11558
5154
-1023
-9778
-3978
7221
10710
-10015
6801
9535
-11080
-9927
2454
-11457
-3984
11215
-4948
13768
310
-8776
-3890
-11176
-555
-2710
13053
7512
-432
-6331
775
2844
12349
-7587
10273
-8395
3316
803
-6130
-9941
10358
-4532
-2551
-5557
-10890
-1137
4026
13120
452
-10764
1614
3639
-113
9971
2787
13431
-2415
10590
-8071
-9047
-11302
-5235
-7477
5007
13219
-2020
-7012
5589
-7150
7749
-8812
-10423
977
12486
3791
9620
7530
-7688
1589
-3135
-6062
-4519
6386
-7038
-7760
10853
-10358
512
-2326
-1380
13804
5248
-3586
13142
12196
-3414
13457
-5199
3121
-8844
11170
5212
1324
12204
-11119
-11135
-2698
12337
13858
-1546
9581
-5024
-3196
3107
10101
-700
-4848
-1476
-5044
601
-10711
7934
2015
-9015
-1744
1706
-5419
4440
11383
-4878
-8672
-4079
4902
4483
12409
13882
-247
6280
714
8053
8468
7250
1015
5553
-3331
8352
8188
-2543
-1737
3247
-9515
1053
2552
2905
12933
-8382
-10702
-2407
-11213
2290
6376
10890
6104
5178
9754
-10357
-11352
-9981
-3769
-10451
10564
-2077
9490
6887
4021
-11826
-1876
-11959
4080
6657
7636
12169
-6904
-11677
7422
-8283
-10923
13700
4078
10102
-8304
-3568
-1158
-2534
-1201
4269
-5837
6299
4991
5980
12612
-5463
-1205
-9645
7482
11844
6943
5604
-7531
134
1740
-10011
8002
6891
7798
9572
12258
1224
-3058
-2356
-5556
-7774
884
-668
2527
1650
-6770
4514
-11885
11820
-4429
5867
-1519
-10421
-8776
13077
-8773
3686
-11290
8707
277
3289
5912
-11606
-5599
2000
1579
6523
4226
13582
5130
11456
-5312
-9507
-6905
10447
-10649
-6560
5435
-5463
4809
10787
12241
7293
5877
-10344
-9279
-10881
-9871
12954
4600
-6727
5698
-6945
-296
4698
2001
5631
5542
8243
-5209
-11612
3954
-11898
-8156
4255
-3429
13473
9486
10731
9034
-901
-641
-11369
2640
1781
-9883
7582
8847
2575
11856
326
-4181
-11814
-6998
3364
-9435
8169
13486
-3968
-3188
9662
2248
7949
8779
-4651
7488
-7018
-9183
10583
-10995
-887
10449
7397
-2490
8523
-6763
6029
-956
-3863
-5187
-1443
13598
1029
-9039
7077
11201
1319
-4677
-1403
1134
-9944
-697
-3182
-1998
2660
9976
7811
9414
-7785
-4256
-1556
-10401
12743
8180
6929
-80
4527
-7926
-1046
-8813
43
5001
7232
-6110
-10593
-3313
1038
4525
12593
7076
9099
-2584
450
2444
11310
-9006
-7414
4011
5940
-1248
11085
-11099
2583
-9278
10611
-5961
1159
13761
11885
5409
-7767
5426
9349
6388
11421
-10941
-7368
10006
11322
10556
-2158
10583
6165
-5416
-11530
-8948
2471
-10468
764
-7107
12893
-11248
-390
-1833
9870
12817
-874
10413
4766
-7213
-6549
9357
-2920
11225
10939
-1885
57
-3998
7410
-3331
3625
-10114
7844
13472
8330
1274
8856
-3391
260
7510
921
-440
13618
10713
6453
-950
13840
-7227
3624
5700
-11421
2440
10890
-9164
-4215
3266
-2599
-4011
9798
-10913
-3726
-8764
2623
-8671
-2943
-4798
6297
12828
835
-7316
11972
7808
10100
-6867
6527
1411
5962
-11680
13644
9924
9119
10989
4241
12689
4918
11371
5313
1883
-4073
5007
9387
-10864
413
-5133
887
8555
4003
-11183
2967
-1441
-5005
12259
12320
-7965
-8080
7230
-2507
12875
4090
11061
-4682
-11423
7362
-8763
9171
7470
5725
-8424
3423
-11746
-7509
12385
3174
-9103
-3606
-10179
9274
10431
-11048
12353
13915
6812
7343
-10470
-8292
-4321
-10000
-1422
10996
-1199
8600
8249
11486
-6090
900
-1030
7200
-6908
9886
-11000
-7535
-6662
9307
-328
-377
1465
-10881
10173
10883
3659
8095
5565
6185
10501
8315
-11168
-4789
-5400
-8958
-10438
10215
8085
-6663
187
4036
-1224
6166
1487
5732
-9687
3796
6561
7880
864
746
8589
-11830
10297
2726
-1037
1822
-7885
-11543
12075
-1411
-10284
-8153
436
-4259
461
10410
2985
-3266
-2489
-2298
5614
13757
11997
-8142
-10651
7204
4555
-3288
9102
13706
-1218
5899
11550
-8349
10172
621
1577
8502
-4824
-6529
-10969
9636
-4233
13495
-6214
-704
6381
-8131
5353
3897
-2088
-6593
7637
-4625
754
-3953
-11857
-8365
-1492
5455
6495
-10849
12692
-3067
-2938
3142
10256
-7510
-9278
-7900
-5742
5341
3273
590
6696
-7167
10074
4420
-4969
-2429
-9667
11849
6963
12368
1010
11069
8967
-1316
-5963
3886
2372
-4410
4797
13906
715
-4530
-3163
4104
-1634
9523
12318
13115
-9314
-11064
-9281
-69
-615
-4006
13689
-1380
-2076
204
-10118
6322
7731
7744
1233
-2335
-7794
11634
-7248
-10898
346
5230
-9749
-7386
8019
13678
-5807
9914
4247
3280
-4851
11027
12058
10346
5050
-816
3913
-5510
10793
-11713
-8089
-5832
7352
-10359
10470
482
4665
13669
-4251
7131
-6585
-7050
11586
7362
-303
2171
-11328
-4744
-10271
-7590
1207
-1357
8730
-2561
12690
9112
11913
-4363
2296
6922
1233
-7799
-10562
9637
4007
-4203
-10790
2113
-9715
5899
8638
-2988
13288
9622
-10708
3903
-3943
8117
-4896
9010
-10213
1151
4738
9431
5604
-3167
1741
7057
-3944
-3465
-6036
3647
9235
-3419
-3894
7843
-3575
10508
-6872
2910
-7626
10102
689
6582
10448
-6475
10677
-3963
11044
7251
-3474
5873
-1045
-7301
-1793
-8743
11368
-8216
-4765
13597
-8261
-3912
53
13163
1028
-9328
12220
13887
-7077
2839
2948
-6351
7450
-2772
10942
9373
8842
1562
-2837
6766
-10429
-1921
3197
-4225
-5880
8669
-8351
11202
730
5446
-1204
-2370
-7917
10760
-6673
632
-10133
2122
-236
-8808
-4068
-11102
385
13661
-1848
3391
-1678
3110
3673
427
4801
9663
-5544
7997
-2583
7872
-8959
-4163
2019
-4179
12146
10238
-5281
2436
-11986
-10255
-5147
-11377
-7891
-8832
-11611
10619
-4693
-5997
-9907
13207
-4212
-9782
2812
-3714
3128
11856
-120
-488
6588
-5558
-7817
1070
1846
9379
1760
7132
8951
-4948
10254
-9702
7027
13902
-710
12842
13905
4413
-6571
4696
-277
-5020
-6064
-468
-7904
1033
-11441
-4645
347
-709
-4704
-2723
10262
2916
3220
-9915
164
1951
-1790
-2574
-48
-1368
11405
7900
-11367
12121
-11951
-1669
13745
13515
4297
-3028
6213
-3353
-9613
-11089
-6906
-10327
-8049
10478
4966
7162
1798
-2750
2120
6027
-10952
-3413
-1613
-143
-9441
-10714
-9892
2426
10334
13097
3036
-4269
8985
8275
5129
1754
7739
-10147
-1932
-2833
7228
-10076
-9601
-11179
8113
-8050
-3722
-55
-1234
-6271
8771
-10043
12090
-1118
12857
-10214
8444
7044
13987
-7878
-587
10985
-2445
5882
-5825
1882
-1036
2033
2016
2
3593
9286
-1002
10201
7640
40
2416
10231
-6685
-6578
2281
-3083
-4904
-3990
-4687
3477
6945
-8635
6795
-10042
-7607
5398
-1392
3574
7027
-528
-4814
8402
-6166
-232
-3460
-84
-11123
2594
-6605
13484
12340
2045
-8946
-9678
6025
731
-5477
9978
-4834
-6082
-3244
-258
6574
11217
-1974
-7276
9603
-3554
-8898
8283
3737
1215
-9784
-1163
-5419
-6152
12833
-11837
4267
-10922
-2453
-7592
-10547
8285
-6491
10228
-8101
13370
-6837
10830
-3346
1978
13802
-9575
-11200
10613
11516
8951
5876
2560
-4667
-7914
-6246
-3680
7780
-11541
4873
4403
11500
-4980
-11945
11492
125
-10842
10535
-681
-3121
11376
-7416
11755
11026
6381
11730
-4560
-4110
-7903
-4463
3775
10734
1341
7413
1538
7923
9966
-4003
-1952
-4623
10073
7038
13059
354
-610
-9070
8230
-10708
-9430
-4021
-10230
3328
3959
-8100
-8711
12163
7075
-2305
-8838
6728
4945
-341
13207
-9743
1589
5995
4084
657
12866
9087
4220
-6406
2771
-2473
-11241
13644
3023
8204
-5928
7390
13607
-7408
8994
12993
12148
-1773
-1273
8863
-1399
-2130
-7310
8813
9510
-5399
9375
11586
12078
-1298
5080
-10186
7988
13945
10912
2142
11258
10825
13994
3315
-6670
6665
-157
7303
-7945
1440
13800
3083
5319
3453
6719
6635
10213
-11481
-6056
-685
6666
-205
-5683
-6675
-6360
3240
10155
-8208
2538
-792
9426
-8436
-1183
5171
-5388
8179
7656
12562
-8670
6465
-3665
-3766
3189
-5477
-1094
13812
8452
8694
3194
4858
10556
-6001
857
6332
4362
-1437
11281
-4424
7338
-7676
-10821
1226
11271
9231
-9951
6142
12019
2225
1847
-3213
-7871
8158
-2315
-11343
-681
-873
12382
13945
5935
4021
6355
12590
-7600
-11751
-10322
9581
-1297
709
3442
-6910
11859
-2904
-941
13140
11889
-9574
-4264
-227
12956
-8168
-4344
12363
13400
8330
-4256
-7095
12082
-4056
2247
5429
3651
3607
-299
-9696
-4621
8397
12723
3517
13735
-8850
-8157
11484
3033
-5083
-1122
-8099
12789
-9328
10825
5759
-8045
-734
11484
-2733
-2009
13500
1295
-2182
-4465
-8114
-2991
1584
5836
-1915
11038
-5636
13682
-1024
7813
-9747
-8589
6868
10910
11136
11172
8608
-2002
9079
-3455
10144
5761
12144
-11436
5338
-3606
-11562
4059
-993
8447
-1314
-3250
-10477
3712
7679
12643
6357
4845
6372
518
-3874
-3509
-4199
-6809
10366
-8983
-4000
-2330
-1232
10804
4179
12183
-517
-1261
-132
13424
11204
13041
578
10436
-11521
-9705
-2264
3760
11400
-8498
-11848
3655
11281
4707
386
4842
-6595
2575
12493
8625
4905
5111
390
13265
-5240
5242
8637
1781
13005
4972
6097
10394
7445
8688
4023
-11804
-9523
946
-7278
5003
-2901
12189
9047
-10107
-11646
-8984
-7465
5296
-3813
-2224
-4200
-188
10084
2240
1583
-7522
10469
-1621
10693
12031
-3778
-11116
13839
-5392
-8663
9361
-6391
9134
10466
11571
-2328
5741
3485
9627
-7977
-2344
-5374
10972
-7115
-11580
-3609
10599
-10713
1125
13681
-11609
9339
13439
-4043
-4725
-1781
1247
7081
7939
-10501
-3837
10239
11554
6228
8038
274
4027
6884
4315
-11109
4017
3594
3696
-11298
12683
6123
13449
12789
6837
6573
-8796
7691
-7288
2277
8348
-6906
8417
8747
961
11125
565
6239
12837
2163
13354
10320
8981
2928
-10839
13673
10573
8161
7387
-10714
9035
-6670
-7853
8973
-6525
-11724
4475
-10131
6949
3279
4921
6584
13840
-3445
-3780
-9241
7341
-9622
5697
9239
8643
2982
4847
-10396
5577
12240
-6924
264
1360
-1126
5871
11164
-8782
6951
-6669
12268
-266
-1483
-11647
-7832
-869
-8353
-7495
-2919
-431
279
3763
-10925
6081
6624
-7432
-47
13405
3426
11839
5274
-10299
9251
-3605
-444
-3721
4164
11221
4924
3061
5285
-2184
8355
-9413
8566
-8948
13130
11686
-7168
-930
8401
227
4262
8769
-5641
4114
-5895
4473
13784
-10511
3128
-7077
-1099
-5500
10443
-10022
407
-11265
-6932
12139
2024
-10050
11906
2851
-10261
6391
8952
-9013
2764
-912
2430
1212
13292
-8731
10774
-3792
13358
10022
13444
-3006
-9526
6461
1488
8768
8
6948
-2848
-10504
9074
-5431
6660
1587
-10832
-9805
12444
9754
-10045
12571
10876
520
3972
-10709
-7900
12668
-9130
-6975
5423
741
-7021
-7027
-7638
13674
-4254
8100
11307
-7489
5253
1420
526
-4147
-3220
1582
-3096
10290
380
-8328
-1087
-6018
-9614
2212
10403
-9543
-10959
-3343
13506
10551
8536
-7886
2491
4118
7137
-7572
3123
216
11723
11340
3959
7930
13057
-1118
-992
-3521
7262
-11149
8003
-2307
3899
-5612
-2610
-3367
5731
734
-10051
-6936
-478
-4668
6731
3325
4973
8700
8144
-1805
11820
1631
-7188
6522
10488
5279
-257
-781
-664
10624
-1988
13057
-2463
5737
13668
2757
-3247
10843
8233
9665
13735
-967
8353
7647
3420
4432
310
10558
-7862
-11806
173
-11108
-138
-1145
6780
101
11240
-2847
-2025
4834
-997
11219
-8297
12053
-8749
2605
-11690
4118
11864
3187
-3797
2178
-4185
-5780
1674
-9848
7899
-3899
4977
8909
-9816
-5984
6550
7982
-3377
-9980
1622
-9055
-5704
-8428
1135
-1955
-3904
11653
-5336
-1237
-2340
3512
-9698
8905
-5742
-2180
-8042
-5355
-8897
-10042
-5548
-4163
2451
1080
-2902
785
2061
-5719
939
12912
6162
-7835
-10997
-7611
3820
8750
-8631
3845
5870
-1179
7958
1395
5663
2687
6634
7144
13962
-7769
9372
348
6851
-9959
13154
-452
-6438
-7920
10214
751
942
-1403
13414
-3151
1021
-6838
-10613
12091
8851
913
-2065
-7868
256
11018
-2328
13014
4562
-8251
-7299
1570
-3498
7450
4476
-5430
-10011
12174
-7916
-8715
2237
7906
66
3083
-460
8924
-4235
6518
9452
-11019
-8837
-2742
10058
3521
3906
-7175
967
-4840
2384
-9217
-2854
7675
-1748
-2150
13375
6808
4944
-1029
-5479
792
13809
-2814
-1493
-2651
5081
-3196
-8268
866
7168
4289
-4457
4184
8729
-989
-5917
1142
2260
-11783
8179
6757
-6456
12209
7926
9403
2057
-7223
-8061
-5690
12468
-11880
6854
-4385
8431
-10293
-8584
5387
3809
-1230
-948
4977
-10148
1506
3001
-7750
-3748
-11804
3357
-5345
-11732
6025
-6761
12932
10730
11578
6090
7685
-3005
6411
-6640
-4340
-712
2527
-1775
2977
-4570
-10218
-2716
3300
-5096
13182
13940
-4661
-10982
-7181
802
-4112
-9127
-4816
-4403
-4792
11020
4167
-2659
-3100
2803
2257
-5168
6655
-7470
-8637
9023
8080
-10909
4324
9467
1829
4967
-9119
-3879
-303
7786
6608
2795
11110
3400
2850
3419
7083
9135
-457
8440
-10717
-10356
-7687
-10453
-9581
11526
-6450
9622
11830
5958
12877
4156
-792
9766
1520
-6747
4850
-10236
4258
-1236
9935
-11880
-1047
7062
-9377
-4181
-10186
10686
-1063
-9682
-3578
-2585
-7788
-6424
5163
-1893
-9704
5783
-1426
-3080
8875
-8070
-4456
2815
1422
7625
-10336
-4823
-4000
5247
5953
-10921
-11606
11460
-77
3388
7787
13957
12329
-1446
-4693
10582
-6514
-6708
-4181
7081
8473
-4885
5542
-1028
-9742
2974
3949
-3371
6666
-1093
-1604
-1885
-2253
-3731
4527
-6253
8818
9117
-8668
9839
2993
-3095
3801
12045
-5835
8432
9341
1131
3070
-9248
-8242
164
-8242
3757
555
7450
-8442
-8244
5401
-10385
-11353
10590
13858
-6737
11899
10627
2326
-1782
-5610
-10449
-7998
11338
5578
-4021
8553
13889
9247
10729
13060
-1979
-11822
12831
-10718
-249
11258
10514
2835
3127
-9833
-6716
7921
10264
3003
11058
-10924
-4848
5341
-11915
6393
-436
-10087
-8551
41
4098
6794
-6705
-6679
-6177
13928
7778
8190
-10317
-191
-6817
11655
168
6812
-8507
2807
-5742
2751
9072
-4205
4055
10659
1119
-4522
4765
-3958
7365
4359
-253
11082
-3480
-7374
1346
-9964
-10506
3984
7754
12486
-7502
8037
-5084
-10814
6926
12147
-4176
-3738
3190
25
9424
-7669
12198
12816
-1233
-2795
-2242
-9802
-3225
2968
-374
-9608
-11570
12785
2510
12596
-10672
10148
-6963
2881
12679
13148
-10079
-2504
9679
-9737
-830
-694
6914
12133
-9005
-6445
-9730
-1386
3758
-9124
11708
10708
9983
-666
-10148
-6317
-6077
-779
-7778
11506
4578
5091
-202
4088
-5930
-3271
5832
-5116
-11493
3106
-9333
-1241
2761
-6523
10818
-5264
-6831
13391
7567
1529
231
6532
6130
3747
-7403
975
5741
-6347
4529
-6137
-3121
-9653
8468
-6025
-8193
3676
10500
-3209
672
3514
-2584
-4858
2188
11254
4989
11998
-4382
5675
-4943
6598
-2661
12844
7760
-10978
6864
-7592
-9787
9706
6741
-9461
7617
9035
1244
4139
13721
10324
-6438
11249
-4308
6692
-9013
-909
7383
-629
11414
8680
-3987
4106
-1337
7654
7819
10920
2573
10935
-5037
-2911
-6088
7317
-5366
-1074
8286
2313
-11504
5662
7573
-2206
4546
283
9454
-11295
-4245
6894
10758
13935
-9016
-998
-8000
-11280
10756
8871
11549
-6837
8961
7701
10748
8871
6283
10913
-480
9742
6358
8527
-6098
-9473
448
2350
1960
12861
6856
-434
-8321
13080
6977
-3217
-6952
4073
-10770
8000
7047
8174
-7300
-11966
9499
-10891
-4064
4567
-973
-1393
11063
7025
-145
2053
1601
9907
163
-4152
2621
-7616
3187
-9856
866
11040
9815
8935
-3405
7728
5513
-7105
3848
3952
9068
-9437
2319
-5854
1667
-4553
6490
8162
13578
2688
-10223
-7388
1673
-4900
-2220
4525
47
-7930
13490
5897
-2388
12995
4006
-8466
13749
5120
178
-9649
4428
13492
3423
-9035
-709
-474
13692
11287
-5806
-9057
11479
-7415
-5170
3064
-9416
2307
12479
8334
6995
-11594
3634
8510
256
6945
7693
-9786
7939
4652
13752
5945
1629
-741
12023
-5154
-2613
4868
10789
-3152
10851
7699
-5232
-11187
515
12549
7248
4061
12759
6225
11756
-11194
-8185
-8788
-10041
-7565
-10506
2433
8073
499
12135
-8511
-1511
1304
280
11598
7234
-11404
10892
-8199
-4482
-11943
-3206
11160
-7984
-9342
-3197
-8102
7219
6495
-3148
5981
-9214
-3667
8538
13958
5686
-6197
10326
4899
10377
5962
13085
8453
-9947
1370
-3899
2477
-7091
2225
10881
5899
31
6315
-541
-3615
-8287
10157
-2431
4529
4033
-11892
3354
-6599
5226
13412
-1530
-11837
1329
-5672
-5652
-5818
-6969
5922
-3885
6106
533
9640
3059
3543
3889
3139
-10562
1120
-5223
-11360
1530
-5041
9179
723
13117
1172
7656
971
-7287
3563
-10446
893
2767
11364
10983
7655
-5559
11284
4827
-1354
-10421
9719
-6004
4104
5373
1746
3221
11020
4702
1879
-1531
-6297
5971
10684
-3636
-10028
-5720
12589
5676
-4981
-3235
10153
-3147
10924
-10901
-6151
1314
-7941
-2965
2517
10313
-3483
-6199
5291
7117
1954
-10668
-5895
-3317
-8837
-5612
-11173
-2692
-3521
2488
11874
-3143
9557
6687
5068
-3350
11597
-9221
-9704
12921
-7990
4303
-10011
9236
2368
-11945
-7562
-5856
9174
7144
13934
6974
1312
1670
5103
4126
-7770
2270
12837
-1145
-9223
-2557
-9730
9188
-3288
6087
-5284
7477
9943
13984
11869
5453
4357
-8783
6918
9316
11280
6775
-5292
-9380
-1449
3133
-9662
930
-7070
-2197
-10717
7713
-980
-6920
-7603
10793
-5908
5776
6905
5788
-1882
-9757
2603
10204
9830
-2309
11093
-10832
-9977
12779
11565
-4267
3320
7504
11196
-1202
-2430
-5984
6693
-11705
8615
233
-3076
10405
-8770
7875
-9605
9031
5634
10960
8477
-10765
6263
11507
2302
-11904
-1275
5727
6309
10043
12118
-1492
-4473
7136
6751
3066
-10012
8165
86
-2178
6824
-142
-10423
-6306
11947
-10811
1088
-1868
5193
3696
-1107
-10363
-10607
8411
6484
-4613
-9237
12492
2391
-10862
-7308
-9004
2844
1300
4973
1070
-5234
-1979
5619
11642
-6009
6398
-5679
8959
10524
4616
3366
10584
444
-2472
-8446
-6503
-11550
1018
11487
2278
-7468
5707
2314
10964
343
-6152
-1919
8503
8242
4218
-9150
2289
-9608
11873
-326
13402
9064
11794
-8549
5845
6924
4762
-3735
-2342
9621
13699
-6249
-2620
-7433
1395
4017
13991
-11242
-7634
1718
5079
1728
-3100
3835
10375
7530
7801
-6201
2596
-5921
9694
9539
10647
-5851
-6185
5167
-11274
7295
888
-5898
6607
636
10192
-8865
935
9331
9288
-2102
-757
8575
13108
-5213
-1723
7368
-11324
100
12824
5207
13246
-4772
4349
-3493
-3710
-11103
4506
5895
-1607
-3015
-595
6069
-1738
-2306
-6586
-4194
810
-6180
-3413
-9867
3904
-2603
5044
753
-8556
930
661
-5472
-1006
-3964
-6922
-1709
-10875
7007
-8024
-9465
-4163
12730
2664
-11491
12725
-7322
-4598
2480
-9532
-5940
445
-9136
6833
13531
6216
11137
6303
589
6353
-6037
-6685
-7488
-4234
-2433
12321
-2699
1637
5268
-9139
-8503
6205
13682
-5920
9371
-10542
-5278
-7595
-823
-5872
8534
-11277
-9117
-5741
-8220
-9401
469
6082
1056
-5239
-8274
-10154
-3861
5024
6903
-2674
3786
1819
-4542
-1161
-5765
221
-6085
13620
4110
-11193
836
-2788
189
9954
7722
13602
-8611
9984
-5175
6885
-8841
6707
11227
4897
-5450
-593
5714
-11969
464
-7620
-107
-5321
-2590
-10982
6183
-10849
-11932
-10578
-10928
-6365
-3113
-5548
-9840
-357
-11555
1270
837
12770
4104
-7986
10865
-3029
2574
2943
-385
-9345
12756
223
11666
524
12033
-320
-5521
-8983
-8676
1799
13307
-77
-149
3595
9298
5039
-6408
6555
-5957
-11081
1902
10311
-590
-7137
-2054
-2920
11116
12093
-8173
9188
-7489
-7112
6279
11719
1284
-975
-7951
-5696
699
-7176
2073
5326
8327
7505
1393
-3344
-10575
-7885
1760
-10423
-11158
1406
13464
10795
-5093
6811
-10632
-2298
-3279
2726
11850
9703
-919
5852
-4541
-8318
13319
10477
7523
-7445
3765
12703
10912
13363
7191
1311
793
-5878
13444
5871
13949
-9035
306
-3372
-10495
2947
9216
4511
-6025
582
-4690
-3181
-5315
13418
-2813
1454
2596
9321
3353
7369
11507
4532
-9614
891
6699
10676
10152
-5149
8661
12734
3754
8569
2548
13578
-3095
13726
4434
-8133
-3805
12896
-2709
13118
-4036
-3039
11364
12787
12897
-9575
2563
1564
1331
9149
-3322
-2438
12113
4180
-4958
-632
-3085
12778
7233
-10394
-10333
7893
-2745
-6631
2115
-1943
-7597
-5178
-4823
8059
10778
-7784
-2717
3970
-6666
5756
-3340
58
10100
13678
-7998
-6682
-8138
1621
8662
13407
-4038
-4296
-5713
590
-5286
13811
-4569
-9259
-3514
10761
8908
7302
-9079
4012
85
-11461
-2314
11522
13569
-10678
-7478
-5968
12147
9159
982
-10916
7159
1933
-3354
3141
-8502
9246
10166
9599
-6652
6945
-7753
-2992
115
-5091
8235
4300
-10612
-1217
-4854
9438
11592
5315
-6669
-1981
-5311
902
-11814
-1539
-10029
-4169
4160
-9701
-1064
12783
-837
7574
2182
3545
-3592
-7726
3209
1144
-11454
-2910
6597
1580
1940
648
5043
11560
-4855
5114
1220
-10601
-11211
11717
13807
-1582
12904
8526
11020
4854
-11700
4880
-8255
-3400
6344
-6213
12710
3828
10925
6929
-7414
-2357
-43
1690
-5671
-5066
1871
-2563
4196
-5117
-6839
-3936
1040
-10512
-5200
3032
-9887
-10247
10886
-4644
-6228
-10908
-7297
-10085
7224
7369
11038
1617
12701
-11980
10349
-3216
13811
8476
-9102
-7552
6216
-3750
-10569
4288
-10568
-117
5652
9784
-1604
-8878
8879
1777
-9260
6326
-8323
1225
-11050
-1871
-843
9699
-8913
-4650
-10956
12338
-4097
1859
5214
2833
6867
11363
-4984
1616
1345
-564
5608
-11823
12184
8054
6442
3399
-6459
7063
-9352
2416
-9268
-8219
9384
487
-2964
-1435
-7535
-1505
-38
-11172
2966
-11745
2353
-4501
9792
3266
2661
-5687
-374
13358
8287
880
5786
-7343
2307
-3218
-4234
4462
13053
-6135
-6104
-1299
8228
-3959
-7214
-234
2149
-3481
-3113
1564
-7059
-10045
-1051
12388
3958
13603
-7346
-5053
1828
-7999
5370
-5210
-2275
13182
-854
-939
1229
-3864
-1024
5768
-7378
1384
-1367
-11018
-1843
11720
7064
309
-3106
-2982
6824
6475
5968
-4105
6107
-2277
2798
-11787
-8124
11423
4960
6843
-10773
358
2131
9758
-9315
4638
7042
10032
12312
12850
9461
-2220
-1285
7325
-8178
13071
8873
-11473
12337
7012
9852
9108
-2123
-3090
-5204
-2280
3768
9026
-8102
-3922
6133
-2856
3
8304
10172
-2687
-11371
8128
-9396
880
1894
-913
12146
5579
11039
4563
-930
-3553
3122
-7834
-675
-9086
-3742
-8573
-9948
4105
8693
4863
-1061
3727
3988
6617
7917
-11258
-2270
-10889
-10844
997
-7783
1403
6059
6673
12902
6219
9407
12810
-4202
-10100
-10659
-6776
-6290
-9331
4422
6988
-2793
-9617
-10294
-584
-9036
-8696
-5496
-4588
-10314
5637
-10206
-4211
1758
-3159
-908
-9443
-5699
11285
7394
11035
8044
-6734
-2623
12715
1088
-4548
-4034
-8940
-1655
8103
-4005
-474
-7012
12028
10120
-1271
6507
-7578
-974
12331
-291
7427
-5361
-1152
8629
2405
-7822
651
-11824
-6698
2125
-1598
12856
-2004
8482
8839
7099
10698
-8453
7101
9824
10894
6910
9874
11730
3027
-11568
-1136
-2445
-5008
-11268
-5832
-10949
-6702
-4020
3770
-6425
-8022
11322
1527
7980
-10293
-11653
2140
-1776
-2161
-5896
3554
-3120
804
3658
6269
9685
8265
-2838
11496
4580
-3545
-2877
6993
13589
-8848
3204
10013
658
-1450
-3463
13740
-5719
-534
-3464
3227
-2029
-2192
-7979
-6567
7927
-10987
-4105
6815
684
-6784
8662
4244
7872
-5190
-10858
13056
2679
3660
-8165
-11765
1557
9098
12080
-1409
8510
13894
-1004
2317
-953
2641
-10542
-1433
12063
11523
-6997
-6047
9228
4777
13080
-8079
-4444
9379
-2215
12751
11690
-7686
11463
11075
6624
-4767
-6576
3781
16
-1280
-11174
2613
1859
-9543
13064
-2869
2945
-10302
-8192
-8556
13485
808
8137
-1362
8865
7934
-9940
-9096
-8432
-9000
-742
10481
10495
-9193
-11774
-4236
8217
13142
-1664
-5398
-1111
1077
8577
-11446
1201
13791
-6819
6946
-11281
8429
12430
-5254
-8274
-7691
-3483
-617
6140
6111
3795
11345
10897
-9176
80
1680
-7621
2773
4001
-6393
-7268
9654
8368
4017
-6261
7166
-4040
218
4054
714
1137
-5531
1268
-3629
12828
4746
-747
8728
1572
3063
3379
-5325
-4737
-6612
12925
5052
11496
-1394
7790
7064
11315
11415
-5820
-10171
-9113
-5631
1910
-5346
2367
3799
2912
-10513
-2929
9712
-10699
13631
4421
11240
10218
-8688
-10609
-9393
-3324
5506
-8135
-6550
9720
10909
-5224
11761
12687
-7008
-372
-6961
547
4451
-3442
9656
13447
1214
13713
-3435
12730
9223
4361
-10453
-6207
-3346
-2377
-6853
4510
311
-10692
3212
9479
-874
8792
-136
-1323
145
-4545
3415
12255
1144
-10601
1428
7719
-10973
-11722
13993
12070
11463
4774
8885
-2643
10098
-2574
11364
-10340
182
13989
-9046
-9815
11392
6955
9461
-8040
8840
11161
-1777
-3694
-1701
2350
13386
1590
3848
-7996
6392
12869
3059
-5505
-2507
12684
-2096
-6141
13471
4796
-10228
-11254
8217
1944
-4052
945
-2422
12974
7107
6666
-4626
-11511
-5465
-11697
12978
-1128
12895
8507
12274
13323
-3773
-7993
516
-9779
10279
8185
-5512
13851
-1616
-7684
-6212
1590
-5079
-347
5272
8075
9573
2961
-8174
-8293
251
-993
-10012
-143
-8346
-2874
2456
5718
10226
-11204
1707
-5293
11459
-914
-2857
5836
-6539
7027
-8088
11990
-11015
8161
2158
3091
4461
13761
7602
6462
7065
-2597
13287
3004
-5887
-11100
-1368
3614
-8347
-3567
-10098
6592
8218
-8909
-4829
-1046
-7920
-8581
-7334
9171
5769
8312
9574
5568
718
10601
-1796
11762
11828
-3234
-4524
2296
-963
2787
3225
-8171
-8130
-2227
-761
1729
0
4788
13773
-11707
-8927
-5083
-1337
-7780
12439
1611
1741
-2041
9445
211
871
-11445
-2241
12225
900
-8010
-7856
3225
-2857
-1536
-7671
8189
-2942
-1115
6034
7564
10964
-7333
-9337
-11141
-7413
7681
12926
-1761
10
7953
-9519
-11416
-3356
-2457
9307
-1071
-11420
3462
8909
-5547
7013
4840
5892
-8440
3088
13913
-6015
12093
-7916
812
-9988
3827
-2524
10064
-7390
-942
7059
-11276
6423
12155
-9445
-599
-6742
-2855
2708
9441
13957
-180
-2085
-5922
-9139
-11508
-3424
-11943
559
8706
6794
12380
-3325
2240
-1115
3111
-5791
-3220
13110
11175
-4868
4210
894
-8564
12511
6584
-10025
8069
10083
97
11564
1118
6670
-484
-8453
6644
-11069
-3598
3103
10234
-4540
1909
-3391
12284
-6535
11993
-8673
276
5128
9045
-8694
2061
-11917
-9151
81
1853
8327
-4898
12782
6951
-2130
-1990
6100
-2552
-1848
4028
-3999
-842
-10921
-2140
1041
-9473
-6933
8600
13942
12206
-4957
8228
10276
-11647
-141
-4998
-52
8884
-6598
-4002
9624
8950
11404
9721
-11506
3561
-3431
-669
-3056
13506
-2301
-5782
-1847
4051
-7589
-6494
8227
304
5288
5781
10667
-3450
-10651
12103
1465
630
2424
-6458
12545
13465
5648
-10648
-9021
7944
448
10278
-4972
-3883
11750
-9034
12267
-11539
-5207
-1896
1347
-10377
-9614
1645
4543
-5607
-11100
-7833
-1709
-4887
-4597
-3253
-2053
1379
6491
-5595
-6814
4806
-4864
-8567
3236
5885
-7693
-2422
-1577
-135
-2938
12786
1740
-4924
-10655
182
13453
2027
11301
-1671
11253
-9767
11430
-3860
-8405
-11227
-1657
-11440
-3994
-3558
6765
337
-2497
7355
-495
12640
-1732
-2616
7107
-3258
3207
-1676
-6930
-7518
-1946
5973
-9742
-11961
4562
2273
10965
12472
303
-1465
7036
6418
7221
-7394
5676
13923
7443
6352
13809
13187
-6425
11842
7765
-832
2261
7230
4879
3917
-3387
4489
4576
-260
7968
10142
-6814
-2818
-2761
9536
8627
9318
-6481
-3376
-8108
-931
6708
9598
10528
11323
8980
11166
-5815
1153
8537
-5216
3646
-532
257
7421
9617
-7872
-11439
7445
569
-9431
2318
-61
-9225
7840
422
-784
9605
-1649
-3797
-10379
11747
-11815
1796
3538
1745
-624
10432
-6307
3846
-9368
6167
-2981
3101
13306
-9466
6180
-7013
12052
8370
-1047
10061
-1182
-755
-9792
6742
9852
5563
772
2225
7316
-1371
-156
-8536
-421
5555
-8667
-2965
-11685
13936
13739
13311
4951
7581
7961
8168
2073
-7770
-6052
-8028
-10138
-8279
9374
4423
11783
1712
-10283
-407
9582
-8715
-6486
9364
-3666
517
3839
-3276
1265
-1161
-8018
-4869
11272
-11402
-5312
-11176
3510
8325
-8235
9832
-7615
7151
-2423
-2392
-5711
-2919
11680
2381
13518
1535
4289
1131
-7656
5058
-6868
-4027
11961
2537
-624
-6995
-10825
9984
5149
1426
-2187
-9474
-225
-3783
-4047
12022
-1091
13653
-4250
-2954
351
2693
5534
9690
7708
-3070
9586
10369
-1932
-3132
-11483
2307
5589
12457
-3032
-333
-9648
7005
9651
-5259
-11615
4832
12888
5457
8635
2799
139
6463
11814
2100
1366
5205
-11591
6069
-9110
13652
10856
-11710
11076
10436
1809
-2955
12426
10896
12499
3085
12251
9150
2142
9959
-11415
9667
1253
-928
-6113
9601
-8798
-8269
-6290
-9263
-7434
-8170
6001
6055
13989
-2776
-11980
-4919
12597
6317
386
90
8381
-10620
1576
1027
-1803
7451
2022
1800
-8614
701
-4958
-873
9252
-311
11575
5055
-591
10585
4074
8330
397
1609
-11308
8750
4142
-1017
7490
4951
2171
10492
1836
5394
8686
-4824
1850
13935
4771
2949
13001
-2012
7049
4344
3875
3005
10418
9801
-11770
-3788
-10605
12292
1717
-9263
9183
2493
5497
9019
2320
6831
-7254
-4306
-10755
2161
-10922
-6678
12767
-9867
1876
-6115
3141
6472
-5092
-6525
-5466
1317
4130
484
2788
-9839
-4059
-9581
-11002
-8681
11971
-1995
-4846
-1686
-7959
-3232
10216
-10028
-6846
2148
12538
9052
-5525
-525
-8817
-3158
-6243
3187
-10543
-1025
12727
8961
-10367
-5291
13706
-1905
-10458
6127
-1065
-8346
-11498
-4836
-276
3396
-11955
10165
114
-472
-10262
12899
10202
7154
11319
11322
-11712
-8070
13068
3183
9588
-8538
7899
11321
8066
-10048
13270
-5581
-2424
-4600
2317
-9151
-2186
-9520
3696
2508
3842
-9282
-10855
7775
-1635
6420
-10364
-7406
6470
-11687
-7160
-5421
-8818
2767
-8340
3162
-3564
7568
-3810
10682
6538
5390
3043
11368
-1925
-7393
-2412
490
11121
2838
-3151
4876
13804
-10311
-5608
737
8381
7959
5479
-5232
-1095
11579
1016
10289
11335
4052
7014
-7722
10670
-876
4852
12225
-7604
-11301
9561
-5033
9704
11372
8592
11373
10929
10612
9033
-8886
10520
12155
-10968
5788
6982
10487
-10013
9465
-9908
11351
-8924
7870
11841
4278
5485
-393
10898
-5900
-1964
-228
7055
-3714
2547
-10408
8878
9556
7467
-3945
1563
-10978
-6934
-7467
2834
465
10870
-9362
4629
4598
8482
3200
10320
13909
-10020
-7614
12856
11257
-417
3936
-6895
-3090
277
12558
12429
11298
5147
2570
-11535
-2226
-3728
-4379
12705
11956
-3794
-3328
-5452
-1612
7807
2435
8557
7829
-3646
-2754
-2231
6790
6650
13118
-9048
13362
10257
6990
4688
13407
3723
181
10329
-1810
11313
1238
-1929
9610
-9088
1838
-3009
11063
-10549
1576
11079
425
8877
1120
557
-5944
-8938
-9974
-8976
5680
11075
4152
-9649
-5809
2484
-1948
3900
7258
-8575
11896
-4068
13227
-8750
10709
4808
-6215
10684
10138
6147
-7535
-2823
1709
-7308
-4213
-4524
-10135
-11877
523
-3160
7381
388
-10662
4261
-5424
4
-12000
-3681
-6052
5038
-2643
2825
2555
7003
-6433
-10435
-5684
2075
4482
4533
-2541
1989
293
10213
-171
2121
-11955
3581
6932
-5999
7526
-11695
-7918
8310
2038
-4933
-2638
11721
13854
1803
2395
12833
2129
-7168
7018
11263
113
4931
-7725
13696
-11419
13995
12667
811
4761
5839
1684
6346
7132
-7897
3959
-804
8272
6300
6132
5248
-2590
10975
-1405
13908
8664
-4688
4283
-3936
-9337
5220
4546
352
3349
9273
2423
1927
12136
8920
1302
7640
3853
187
-3417
12829
-3743
10754
-10388
11787
-128
5097
10948
-5644
4880
13737
-9743
-4309
-512
1948
-3250
-7402
5891
13665
4778
6568
9454
8984
2503
-1210
-3809
4942
3430
-1586
8999
13472
-1473
-9526
-6828
-9089
10490
1609
-2375
7547
7272
12549
12835
7300
1829
13280
13748
-9673
12107
13518
-7411
1965
6925
1863
2538
-3540
-1444
2930
4522
-7618
6687
-590
-11314
-2202
-10939
-7237
3506
2774
-8698
3946
3878
-5344
4629
-2318
-693
13560
-1793
2815
2198
-7197
-9813
716
4788
-1038
-5982
6542
6353
-9930
-1754
-6719
-5012
4323
-11338
-1894
2544
-9566
-9363
6867
8621
11436
-10452
-8585
9549
-8553
3136
2632
7338
-7946
-6325
936
2162
-5318
8628
-8222
-10616
310
1426
11924
9352
6593
-2373
-3480
6244
5474
-3528
-7335
11636
-7503
-6594
12438
4310
1548
-3752
3052
1343
6703
6324
9559
-1500
-7849
13424
12571
11606
2616
-11070
-1837
10487
-3982
4805
-2211
2095
10162
-992
-1791
4268
-9080
-5486
-4000
-3330
-4852
11540
12626
-7881
-6512
2377
6875
5559
-4574
-8147
-8054
1124
12217
-7939
4045
-397
-2048
656
-2548
8498
-2301
8596
2280
-8402
-11346
-4721
-706
-8254
630
6740
7856
-7315
-6813
10849
-7725
11883
-6161
7722
-2244
4793
7143
-9121
12388
-2671
1046
-10264
8599
-11653
2765
1810
12499
10751
945
4817
921
-1092
-506
-6965
-8486
-11700
-7847
117
12816
-9298
6007
-10010
-4148
6201
-7890
-4671
-184
-9367
-2213
-8407
-3473
-10796
11697
7608
5905
4123
-8599
5177
5990
10441
9320
7944
9849
-6501
-7665
-11551
-10882
-6630
-8146
6108
-5712
-1285
10048
-8635
-9290
-11659
8309
-1098
-7304
-3113
6629
7722
12374
11084
11142
1757
8888
11463
11472
12596
-5899
3926
-1573
-8650
2622
-10565
-11574
9294
13392
2790
-6251
-2158
1512
-1464
7993
13324
-734
8747
5851
-5778
10456
-3732
2847
6297
-1646
-9857
8978
13636
8478
-9215
3594
606
-5061
9708
693
-7152
-2497
4170
-7681
8243
1700
-9628
-7895
9941
539
12893
12285
10655
10544
12646
-7385
-10487
10718
10943
-5213
7448
-1747
-84
-8649
11409
-6354
2836
-6692
6025
7722
-1519
4249
-9455
-252
4913
-8346
-1463
-6689
-5531
-7123
11160
384
7779
7114
-3138
7640
4390
-9995
7196
-2794
-5555
13144
-6965
-4024
259
4487
-11717
1945
-7037
11938
10582
13771
11126
13124
8816
-6639
6459
1161
1487
-4989
11002
-5010
-8842
6909
-9734
7653
-11419
11806
7114
1569
4891
2942
12997
-11700
-2818
5674
7236
-10983
2148
709
-11399
1107
-11179
6682
7848
5715
-10858
-423
8793
12680
980
5989
7429
7791
-8155
-1220
-1589
4002
11686
12100
8774
-1633
10436
10617
-367
8816
-8559
-6085
-11780
-1304
1445
11881
8613
11001
-3425
-11908
-8380
-4377
5662
-5483
8921
-3491
1705
-9420
-9671
8884
3213
7132
7953
3918
-3853
11105
-3812
12628
6681
-1659
7244
-5980
3629
-3952
-6029
-5382
-2230
11121
8857
6399
-6465
13057
-380
-4910
500
-4713
1102
12437
1567
7834
-9184
5033
-5776
-5512
469
-2533
-7041
2588
10917
13224
-2682
9775
6252
-674
-3679
13959
13349
518
2674
2162
-11104
-9108
-10621
-5534
-208
-33
4345
-6574
9146
13757
7830
2114
3650
8838
-37
-10133
7499
9009
7104
-11214
-3097
5713
3894
12958
11926
-9951
-214
-4041
-4603
2124
7508
-7614
6303
615
8580
13379
11325
13576
-1177
-11128
-7878
-7177
-10489
9092
12729
4218
4591
-10872
13492
361
9330
-1797
-9634
-17
12708
-3645
6948
12668
3803
-9682
9670
641
-6251
10813
-8558
9340
1604
7730
-10359
-6145
-7777
-3153
2115
-4790
-8135
-5287
7447
7736
-3079
9909
9203
-805
-2016
-10484
-6045
-2908
8440
-55
1991
-4886
2136
5411
-10978
-8199
-2774
-9971
1756
-10662
-10789
-7280
11999
12067
-7609
1847
-515
-8857
-7227
-9860
-11001
-7775
-9673
-7608
12767
-4681
10267
9985
-3658
-6138
-11466
4313
-4921
-6535
-2208
-1802
-6073
-608
12404
-5671
-11645
5187
778
-387
-4495
9137
6371
9068
-49
11078
-2080
4377
-5627
2377
8366
-9696
6104
3261
-10436
2525
7777
-7616
5432
-976
10698
-485
-1512
2899
11201
6212
9398
-6654
9422
-1719
8054
12906
-7514
-6942
13877
-4638
1112
-8295
10189
-4155
-8466
-10766
6540
13376
12052
3909
-8560
-3384
-3145
-7267
9568
287
-11678
-4305
-4948
-1442
-1191
-7284
3240
12239
-4831
-109
-574
-6592
-8491
-5378
-4643
-6675
-6641
-490
8524
-6686
-9552
2942
-9599
-286
8811
9783
7938
6428
13815
-4696
545
-5603
6908
9330
13687
4447
1537
7659
8995
9280
391
11963
13094
8223
-956
-9800
-6303
2334
-10017
-6451
-6277
-10853
10754
-10693
12797
-1427
2072
-2372
-8594
4270
-8182
9989
6773
10278
10342
10574
8770
786
-11456
13122
-1009
12856
8032
-11311
-1646
4587
-156
5858
-11858
5582
-9677
12071
4318
5931
-10914
-5637
2753
-1434
-9796
8005
4914
13150
11183
8352
2314
-5257
-10625
-5164
3460
-2874
1195
-2967
-4369
-8266
-5331
-455
-2199
-3012
1982
-10631
-4205
9303
-5289
1750
1937
-10389
8521
-1243
-2402
-479
-4399
991
791
12253
8661
1127
-5109
10100
-10257
7970
8873
6149
1494
-189
470
-6620
-8372
-8045
783
8753
9128
-7918
-10357
6522
492
-11947
-4832
10455
-8357
-11164
7563
-699
-3334
4602
416
3994
12153
10462
-6557
12694
11896
-5406
-4636
5284
9239
11312
-6561
-1017
11207
8342
-3506
-607
11072
-227
7633
-5853
7237
12920
909
-3664
315
-994
-8531
8834
-2702
-5673
-7240
8517
-11633
-5886
79
-4922
4791
9507
-1951
-4059
6711
10446
3207
-9622
1920
7650
11667
9853
-872
1736
-1465
4281
166
152
11819
6250
4152
5350
11961
-3407
12088
-9576
5470
703
2558
-130
9250
4131
12217
-10337
-11920
13471
11562
8798
-1652
-3987
9388
-7202
5028
-9196
4297
-10379
-669
-6032
8088
4690
-5459
-7904
-10865
6452
-5580
2728
-6211
-7887
7634
9304
3583
-259
12984
315
5496
9925
-5130
12690
4106
4378
3163
-8889
4352
7522
-6242
-11001
1138
4159
-5211
-2939
-3027
9359
9719
-5546
8273
-3050
1554
-3124
10349
-8692
-8850
4711
13758
8693
-5990
11828
6235
-11341
-4123
-11387
82
-44
8551
7285
5431
2432
10003
2300
-944
295
6721
7613
2596
-9000
6445
-11336
-146
4338
-3827
650
2026
-2760
6157
-4809
1844
-11381
-6071
2593
-10027
4406
-11903
4403
-9460
6773
-6426
-2561
5668
-130
2281
-9268
8124
-212
-347
10953
4737
-5495
3597
9547
-1104
-8386
1646
-5088
7517
11418
-3209
-10031
4766
-746
6599
2956
-11349
4759
-4497
-306
-5157
4570
8249
-5506
-422
-1711
-6158
4151
7951
8467
-5982
-10103
-1882
2462
980
2178
-7920
-4760
10492
11095
12723
8250
-555
1102
-4221
7516
-2298
2176
-10677
4962
9399
-7474
2316
-1201
2878
-9446
-1220
-5063
3872
6124
-9438
-8681
12121
3986
-9178
-10587
4271
11228
-10281
3612
1804
11727
5957
-10305
8766
-7825
10567
4378
11590
2249
-9216
10924
1586
-4299
3645
-5616
-2713
-8628
-5421
5837
-9270
-11330
-4182
-5615
2388
5858
2278
-231
4952
3039
-3715
-6894
1865
7
-4836
-7848
-8688
-10756
-8454
-9133
1765
8574
8871
-4692
2733
8472
1043
-2418
706
-7074
10777
1094
-1016
13493
-9492
7583
13720
1668
8694
-5705
3759
-7318
331
-9432
7095
-4074
-5029
13015
-9022
5823
-5014
12870
8843
-5107
8672
-10695
5011
1705
-3078
-2158
1893
-8029
-349
-3932
-2698
3025
-4517
13009
-11125
8646
-2435
-11204
1850
9750
-758
-8319
-10100
7056
-3990
13335
5842
-10736
7181
8593
8702
12156
3077
-11084
-5719
2650
-11347
-4038
12895
-10839
-3172
-4360
-3867
3001
12791
6130
2228
8317
9747
-7430
8784
8157
6571
-1305
-10992
-8933
1963
-11630
9018
-10046
3323
1192
5851
13423
-6434
-10991
13409
-8647
-9719
5604
11883
-8618
-2364
12924
-5114
-7132
1540
898
-7145
-7454
-7293
-1905
-7741
3513
2109
-6264
6150
2093
10738
13483
-3428
-11769
-10305
-1522
9707
11955
-10076
-6756
-6842
9974
6721
-8572
3410
3763
-7926
-8909
-10751
-2374
-8376
-7169
8674
-9284
-4620
3365
-11419
12373
-8853
3150
-9270
9329
5152
-5152
-2900
5316
-8097
5585
10566
6178
-11194
777
859
312
-2554
2364
8075
-6275
-1916
-8265
-11779
9174
10149
-1221
1184
8245
-1210
2145
-5737
-8960
13601
-8232
3588
-2178
7197
-9011
-5375
-4935
-7548
775
2362
-4616
-2989
4702
3095
-5244
-5256
-10970
-9817
-8540
-1143
4483
-711
12912
-11687
-2804
3167
-10521
-4961
12670
-3837
-8962
-4755
1609
6996
4698
-10269
-11787
4886
5897
-6102
6656
-9068
6375
2380
2706
-5989
10130
176
43
4338
9296
606
-2593
418
-10579
8471
-9814
-1525
-11040
-4459
13422
-2523
-7256
-2621
6765
-5324
-6557
6057
-10338
4013
-10419
-6609
2637
-239
-8184
8442
13723
-5829
-4109
4110
12745
1903
905
-1922
5243
-9959
11574
879
-10393
10792
2700
3417
3750
8087
-10212
-5341
900
-1848
712
-5516
-6327
-8208
2089
-4082
6284
-7460
12851
10511
-9210
12683
9196
12371
-4177
1256
666
-4227
-7729
9604
11214
-4171
-8888
-8526
-981
-4616
-5218
10159
9153
-8582
-6365
-7783
12884
-9910
13672
11596
-2630
10068
608
-9384
8852
-4986
1685
-2948
-6739
4586
-10110
-2818
-8350
3786
2598
-8927
2831
-535
617
7496
-10352
10689
-7270
-821
8532
6442
-10587
1920
10516
-5868
1312
-2548
-9314
-5507
7201
4953
-9780
12583
1746
-1521
10722
-6077
2127
-10922
610
13853
-8417
3874
-10022
-7754
10313
-3881
10423
405
-5157
11166
10020
-9745
3420
-137
5180
12302
-3701
4845
8187
-1018
1158
7746
12299
-11020
6113
-6636
-3607
6242
12671
-5390
-5936
-11361
-5105
-8252
-3333
120
-7657
10732
11285
-8882
787
886
-9387
9344
331
3984
6138
-1547
3102
447
7558
-5307
8161
-6477
3942
2293
2814
-3661
10176
4108
-8981
12352
7483
7476
4349
9769
-6183
-4581
4243
-10093
-4685
-10572
9319
9690
-1846
12255
-8378
-926
3552
-1351
1904
1038
-779
8209
-10150
7228
10797
7412
3337
9607
3598
-9967
8122
-8022
-69
-8201
-2395
-10605
-11300
6453
13332
-4176
-9595
-11345
-7633
6492
6394
-287
639
-643
-6555
252
6432
-8871
11586
-3322
1616
6248
-7553
5650
4091
1205
12458
8020
4416
4715
-9560
-3580
-5826
-3853
5876
6433
-9719
8171
-2098
10517
11194
-8745
13168
-4926
5332
-3883
-8002
11908
5407
-6915
-8474
-1201
2813
-3628
-10804
-6301
1852
9407
4594
11588
12818
10357
4516
8924
-3644
-8671
4707
-1652
-3219
-2998
-8274
4023
6131
-6645
-11464
5431
2155
-4401
9654
-3793
-7716
-593
4375
-1373
8619
11295
13302
-7830
-6943
-8952
13147
-3844
9330
-9037
-4565
13009
-11849
7141
12145
5783
1538
-706
11580
-5041
6261
-9169
-761
4837
-7095
-1684
-24
11112
4085
-6911
-1603
7598
-4895
7696
-4072
-8906
11640
1720
-567
4796
1949
-5280
5649
-7869
-9121
-5719
-5169
-4438
13220
2074
6939
11921
592
4628
12429
-1679
246
-3722
2476
-10294
-8537
7683
-9678
9916
-524
8422
9676
-11502
1741
13283
5545
3703
-4911
-4482
11499
7825
8713
-5979
-5539
-3120
-1685
10379
-11056
405
7592
11723
12913
-3299
12774
-6219
-10196
8296
530
-9646
11443
-3483
6993
-4004
8166
12391
9750
-10547
-2826
13385
5831
7256
4047
-10207
6300
-3117
2771
-1797
9883
3203
-9967
12215
8323
5867
10739
-2339
-587
-2934
-2811
-3953
7272
4931
10167
-3087
-10519
8156
4668
-6793
-6028
3501
-3042
2806
-10408
-10292
-6429
-10813
-9295
6730
-6054
-9259
-6849
-8132
-5798
-4986
10284
-7856
-9383
12696
9127
3430
13939
-3574
12489
-6962
11480
-681
8146
164
12475
11024
-998
11646
-9289
12387
-2941
-7801
-11442
3753
-6283
-2680
1338
1255
-8665
13270
-2962
-7491
390
7654
1970
6052
-771
-10115
7010
-8533
7751
8035
2807
1982
-5898
-4000
9389
2449
-9686
-5159
-6609
3664
-2267
1591
10221
-7874
550
-11325
6064
9138
4315
4816
-2875
5569
-6209
-11633
-1215
5392
4095
4216
-2444
-2804
-2840
-4
1931
8587
990
-11249
13488
-6763
-10632
13645
4204
7142
13389
8637
3795
-1665
-7701
10169
-8086
6844
8221
11662
-916
-8134
5155
7926
2782
9421
7943
-4158
4062
-3702
6566
7283
7409
5082
-10533
-5612
5236
11101
-5116
-7497
9796
-5816
-3309
-5479
6333
1843
8851
7208
-9212
-9825
-2167
6485
3863
-7560
2786
-6404
7475
-2371
-11509
9128
-9602
-9538
-10102
7340
-6379
4275
7168
11974
6528
6863
1243
12242
7042
2231
10318
1214
6585
1535
-6039
12864
-7966
7601
-1324
11948
2426
10618
-10837
-11003
-5272
-8880
93
7885
13741
-7260
-1075
12874
-2587
4775
2734
10878
2095
6049
1710
8854
276
6805
12180
9655
7885
12149
5508
-6411
12231
3760
-8964
32
9671
8380
4095
5439
-1435
9079
4255
911
-8565
13488
-6047
-465
7717
-4180
-9490
11827
6400
-4067
-734
2570
-5943
4460
-6046
-6317
-11776
12786
978
9875
11415
4476
8509
-120
-2836
5711
3658
4070
13660
-4036
13289
-4126
12884
8935
326
13987
13398
-1039
-5910
11116
-2202
1090
4178
-10466
11986
8066
-5105
13490
2006
-4935
2512
-5777
-7368
5495
-8947
-61
-4172
7199
-3684
-9003
8310
3605
7803
-9210
7623
7425
-7849
6062
-1125
-3234
-1165
1290
-6222
5648
351
-9397
-4664
2296
-5888
-7490
-742
-806
-7843
10132
3098
10843
782
7293
2649
-3347
-2697
1001
-10479
6094
13020
11146
-3341
2186
-1048
-2914
5017
13036
-7218
4131
-59
-6218
808
11924
13351
5419
13633
-3707
9252
4173
12566
10595
-4864
-9456
10875
-2711
-6894
9676
5365
3840
-8286
6634
-4987
6141
5006
-5055
-1732
-1871
4028
6876
-9065
-10736
-7144
-6737
11252
-9571
-11215
9428
-4032
-5391
9618
-430
391
-10785
-2085
7154
6701
-9168
-7535
2728
12147
1035
7182
13549
4730
11906
597
6670
-9803
-6061
2688
-9630
6490
8638
10855
-11355
-7127
8228
-1016
7906
123
3133
3410
-11461
3559
-6907
5113
11870
-9084
-3514
9812
8070
7397
4512
-1617
-10842
3744
-2085
-7912
12741
-6988
-1830
-8621
-6492
-4501
-11211
-7767
-7794
-4161
-6847
9268
-5786
7281
-1082
-4203
13702
282
2231
-11307
3378
-5399
3152
-4854
10979
12207
-328
-2057
126
8378
-2797
279
-6643
13747
-7240
13900
9290
-5611
-6914
-3825
8832
-10216
-8482
8676
3554
7032
-4052
-10335
13232
-10758
-10769
11126
12430
-1977
13834
10318
-6695
8554
13524
-11865
-7165
9425
-8153
-2959
5945
6340
-3087
-1074
11163
-9661
-7459
-3325
11735
13711
-1113
-7578
-1641
-3334
-6711
7407
5762
12800
-10679
8019
3764
9855
919
12330
5046
8191
-4037
-7415
1284
12500
8904
10687
6216
5702
42
-11436
-5364
6028
-8340
-6132
-10822
1920
6163
9234
5742
-9368
13030
8805
-9645
3772
-5263
10551
-4974
-11595
2876
5837
6644
-2942
-1268
8363
-8781
-3296
9932
-3558
-5478
7262
11428
786
6501
3166
-1539
-10453
-1027
-253
8774
-5978
13709
1937
-7876
13823
-6378
-1277
13638
-1094
6797
2777
-4506
1344
-7075
7804
12363
-5672
-9145
-8540
-6017
-10805
683
7949
8728
11860
-2122
-9613
-4758
11257
-2691
12461
-2454
9693
-432
-11252
3104
-11846
-6454
12079
-2802
-5776
6005
6633
4335
-473
11011
-8693
8164
4697
-10916
5392
6174
11578
-6538
3585
4306
-1129
11218
8442
882
-116
-7025
1942
13728
10064
13853
-11862
-3755
198
-7271
5197
-949
12805
-9555
-2595
10403
-5228
-8572
-1207
8736
4992
-5107
5864
6434
-2363
365
138
4709
5653
-612
5015
9778
36
-4954
2081
6912
-5908
11820
12303
6097
-1012
-5930
9127
-9171
13429
-5934
8637
-5085
-764
-3626
9920
11201
12545
-2838
10735
-1373
-9694
243
2851
6400
-9330
-8977
2646
-8186
-77
4009
4931
-3245
11869
1265
7239
-5705
1560
-8012
-11619
8093
-3401
-4263
-1094
10647
7774
-6172
-2206
8205
-5540
-3171
12209
-1676
-6879
471
-8029
-6923
12112
4718
5494
3955
651
-9978
-7955
9027
524
-9628
4992
12194
7426
5089
-1366
13122
-9460
-8840
5299
3643
11240
9338
-11619
554
2559
-9961
-9503
12947
13304
10499
2037
-11534
-10437
-3256
11960
10260
-557
1641
-2085
13479
-4987
6378
5511
3312
-9128
256
-2659
6131
-10040
6169
-9101
5118
-4591
-9546
-7089
-4287
4386
5825
8398
8794
-6063
-3303
-3927
8968
13487
10321
5278
-2825
5959
-1509
-11783
-10078
3165
3545
11374
-11105
10196
10875
1358
-9712
6011
-7823
-6158
-68
9763
7313
-1654
5671
-8107
-5244
12460
-7998
-10886
-5873
8594
5779
-8194
267
-1386
-6893
5520
-8361
-4850
-9268
2717
10388
-10117
-9425
-7902
1447
266
2210
12383
3800
-10202
511
6440
12639
152
1335
781
-9270
-186
-11419
9480
-10325
-5816
4775
9914
11143
-5561
1224
-8675
-2573
-3959
-2289
13974
1134
8420
-2723
3414
-8956
5363
3326
-2987
742
6846
9173
2306
12162
10819
-10861
-5635
-8195
3370
11589
1340
421
13731
-6318
549
-5747
314
10479
-10481
11301
-11908
1666
-5305
121
-4134
-11734
-8441
7553
8900
-8285
11518
-10232
1360
-5947
-10300
10116
9602
6095
3167
-4850
2024
-2635
136
8424
9791
9850
3515
-4294
-10961
7993
-7210
2326
-4437
12434
-11380
4851
11249
9907
-11638
4609
-1221
-6682
-6783
7280
-7429
-9044
-11939
9424
1130
4452
-7975
-1687
-6227
2910
3487
-1933
6792
-281
11667
2913
7981
-10676
6203
13078
7642
1954
-7830
2523
3909
2171
909
-1259
-9363
5588
5621
-5224
-6930
385
2351
-3743
-2283
-3088
-3126
9975
1142
-9718
-3332
-5068
-4859
-10574
10619
-4166
243
-6546
273
10299
1676
-1477
11442
10679
10595
10470
-5096
-6474
-7458
13415
-5597
-6529
3144
3303
-11950
7720
-5743
-8000
11691
10531
2678
12926
11138
10636
-9178
-202
7632
8561
3868
-2080
7028
13692
12009
-8762
-7945
2913
-7050
-11875
11748
9485
-10141
-7464
2083
9664
-6840
2970
-1862
-457
11566
13973
5873
1854
13075
10411
5172
4949
12496
3475
-153
3854
6421
3653
7533
4073
-8866
-9343
5151
-7646
-4057
-6990
-6702
-5345
-11540
-9592
2613
-6687
5804
8815
-6141
4844
2945
3467
-6819
12765
3559
-2615
9819
-1951
8432
-9249
850
-6537
-11772
13373
12190
5289
-4168
-9885
11635
-5549
4202
-8720
808
-5125
2132
445
6909
-2968
1779
4887
5290
2080
133
-11560
-6964
-1225
7766
1291
3042
3161
10294
-8136
-4121
-2510
10203
-5581
12312
4324
-7769
13729
12671
4847
-7960
-10296
-4343
4479
5577
12956
2117
-102
9593
7
5679
-8689
-11356
-4347
-7164
-9281
10133
-3937
-2828
-7502
-8969
3530
-5335
-5512
3090
-5905
-14
-10690
-11682
2807
-8980
-4946
-4926
5133
11119
-6856
13490
-10316
-4695
11916
-7162
12029
4321
3150
-11499
-9433
6572
-1416
11089
2565
-4947
-1454
-9306
-6741
4414
-2505
-2182
2118
-2454
7155
6572
6388
1976
4137
-4851
-5347
436
-2878
12700
-5085
4072
5827
-7014
-8859
-1006
2683
-8985
8873
-11751
-8167
-2799
-4876
-3806
-7298
11845
-5156
-7301
-1268
-1362
13161
10311
-10845
-11342
-884
2802
4919
12111
-2197
3098
7529
-9986
-1037
9709
1709
9716
6646
7256
13876
12146
4543
954
-1025
8369
-6009
6059
-3904
-1784
12765
-8031
-2589
6907
-4671
-5440
13144
8923
11481
8619
-8432
7106
-5821
-2238
-4934
-9081
-2160
1247
-6090
-8780
-1457
-11507
-9662
-4745
3080
12024
1761
12741
-2352
8171
-9758
-3830
-11880
-7429
-4202
3604
-5929
8653
4998
-6248
6612
11822
-6019
-1452
11146
-5434
3374
8516
11021
13104
8882
13975
-11817
2909
9811
-8745
-10337
963
-8386
573
9336
3221
2414
-5746
12505
-6279
-1478
-10939
4386
-2934
711
-8951
-8647
7135
3159
1465
-10423
8884
8361
-11134
8621
12016
11930
-3665
13152
2989
203
10649
4175
-6611
9797
6306
11870
7640
-5961
-1838
7116
3746
-2655
-3009
10673
-11745
-8411
7328
-3846
-5668
-9078
3468
-6442
4650
-7284
-6283
10702
-2661
6563
-3094
-11162
6396
-8679
-301
-3762
12972
12897
2029
-11305
3145
-8629
11650
-1911
12299
-4230
-11571
-11127
-1361
9434
11925
-8218
3500
7824
-7167
-7226
3619
-3653
10879
-11993
-6357
-11881
10646
-6832
-4135
-848
-11660
3823
8099
2341
-9509
-3680
1890
-3117
-4051
1131
10723
8780
1054
12873
12547
-1630
6391
-6898
6795
-11887
2916
9331
-11468
-1396
5458
-8680
5952
2025
-7119
2000
4575
262
-3331
3494
-8004
12216
-1145
2173
5797
6236
6366
2574
2137
7917
-4119
-135
-1349
-4783
5878
-9865
-10044
-11427
-2745
7022
-8602
13043
2344
12511
5476
10209
-4964
9126
5365
-3375
7960
12894
7388
-1940
-3343
1966
-5914
4342
9090
-7712
-7328
-3102
-7854
-5411
10645
725
-11431
-2410
-8536
-10431
2159
13839
10420
8656
-10303
-2530
4333
-5520
1576
3507
8393
13554
13839
-5048
472
12978
-10138
-11776
-10461
6922
9757
2087
-1005
3335
-10299
-9746
-7970
-7663
1107
-24
-4439
-7278
-5663
-2757
5863
9749
-288
-7986
10433
-1674
-5031
-2611
-6570
3829
6929
-10607
148
-2323
-8546
9791
-8232
10555
3493
-3894
-7711
-6704
-8261
-5464
3087
-3553
-2389
-1951
-4245
9021
-4719
434
12504
12558
6874
6790
11933
1983
-131
7239
2134
-11807
413
-11356
443
2482
2562
-9019
-6419
12460
-6258
4739
-10669
7246
11004
495
-11866
-4365
4815
4045
5856
-7043
-2041
12356
-2759
12552
-4410
-11981
7690
7183
-2275
879
-5428
6584
8935
-2678
-10707
-7096
9874
8365
4961
11040
-9520
-3518
2965
-10959
3060
3306
85
595
9202
-6659
12212
-8686
-660
-10975
7953
8318
-5419
-9416
5048
11949
-4370
-5961
8597
3578
1574
-3513
13832
6395
-8951
-2001
1105
1067
9217
-7254
3222
10312
-5483
-5622
13946
1585
-10426
11407
-5685
9674
6200
12307
5200
10926
-4859
-8038
-3413
-6735
-9516
-10537
10727
569
9927
-9797
-9532
3918
13112
9535
13230
-1468
5900
3226
-252
1966
-827
4171
661
3673
-9897
926
2301
-6045
5439
3269
1068
-1951
-7725
13167
12242
5883
5247
5873
-4474
9403
4871
7469
3248
-8136
-412
12652
8471
6083
8577
4536
4245
-4623
12655
-4020
933
5344
-10789
-5825
6214
5880
4386
1297
2143
1509
