122
945
10
171
795
479
582
77
198
199
126
130
244
405
256
192
954
333
824
440
634
8
217
457
671
879
24
388
712
241
821
634
635
567
72
91
609
926
993
597
279
854
309
526
846
610
175
638
910
875
503
768
550
267
649
794
655
417
855
385
591
60
575
399
758
200
891
608
704
646
781
580
272
569
972
417
774
470
408
16
656
16
594
656
223
468
702
612
496
893
545
758
530
171
947
709
344
494
785
823
669
223
464
967
999
351
607
959
955
792
222
38
250
962
286
200
914
482
91
259
316
218
25
153
721
957
256
903
384
209
815
879
498
668
528
178
136
895
805
992
586
894
923
979
214
308
921
518
161
254
318
606
206
362
206
263
643
465
773
110
596
173
691
911
856
54
55
345
129
623
382
382
867
435
910
919
861
412
493
842
791
481
204
504
744
434
988
477
451
189
13
808
717
536
375
185
273
282
500
573
819
88
856
657
865
580
4
21
445
512
565
663
741
144
355
277
420
517
730
809
398
363
571
867
531
694
323
916
696
299
925
618
431
189
528
409
956
733
224
226
301
618
902
81
453
346
250
600
17
225
169
169
402
41
686
689
228
423
890
697
435
356
675
277
229
537
354
958
434
683
538
610
423
311
654
749
764
770
152
34
232
933
686
81
858
640
116
496
978
562
567
657
727
346
655
665
590
348
35
492
194
935
607
291
417
621
827
630
477
76
489
210
695
880
615
818
194
349
245
525
921
356
799
211
340
297
113
524
851
642
321
982
37
671
956
731
907
570
992
902
187
875
211
453
318
334
98
920
533
76
831
919
18
911
368
48
788
845
293
695
892
424
392
852
557
572
343
74
854
840
860
483
583
390
223
192
746
927
942
804
972
258
444
635
713
511
311
57
510
454
721
882
670
340
396
415
477
639
735
644
292
624
952
608
974
138
66
296
987
851
337
169
282
441
118
78
397
747
740
702
880
855
804
214
761
336
497
888
115
614
174
931
105
23
795
727
835
675
731
503
93
288
480
249
160
761
903
666
442
645
606
327
428
453
625
927
787
16
616
31
272
35
289
752
500
123
200
16
337
858
624
825
841
917
276
384
900
604
906
183
189
754
43
185
285
246
49
966
75
769
656
199
579
456
806
748
204
32
515
341
930
653
923
215
500
792
3
627
536
756
442
117
819
535
562
980
626
882
139
922
37
607
433
676
602
785
510
252
988
859
115
927
911
876
763
933
648
203
893
472
990
977
416
716
680
592
711
769
780
311
305
479
581
423
32
441
384
35
840
755
860
816
571
894
598
753
558
889
916
685
928
443
875
991
601
751
592
772
536
102
890
819
894
950
625
913
5
783
238
396
466
441
337
452
97
468
990
944
464
606
514
171
894
377
19
346
99
157
850
286
644
643
245
227
877
46
695
739
122
235
484
791
449
230
608
457
244
31
801
587
24
805
926
707
703
957
526
398
645
188
234
376
493
833
899
793
773
384
833
620
230
273
771
953
648
599
348
451
757
710
511
901
896
177
98
684
984
183
66
389
53
694
565
538
871
3
285
438
112
945
495
139
459
89
516
804
580
655
264
781
46
768
677
594
402
515
803
738
795
875
562
745
874
603
89
301
161
908
783
549
595
508
345
787
851
338
358
313
134
334
697
491
28
527
679
140
152
589
270
10
210
927
27
506
526
744
370
224
395
980
514
441
222
615
941
594
641
940
540
678
767
515
90
863
336
980
180
265
439
304
480
885
882
276
935
329
228
977
959
816
194
293
283
206
29
178
576
169
46
273
160
242
32
765
433
55
611
161
956
8
652
394
783
480
820
664
885
817
603
98
409
499
500
501
928
590
264
626
416
597
701
393
134
665
562
915
212
657
83
130
629
933
590
574
327
732
780
31
653
446
173
287
183
333
391
480
950
924
582
914
945
514
56
428
548
221
258
961
877
256
183
49
429
780
733
597
446
968
833
477
113
321
775
538
811
723
942
847
454
608
637
819
776
999
834
579
939
944
738
261
385
86
485
522
754
932
788
292
860
503
578
356
295
416
772
425
183
109
310
811
680
417
499
886
925
708
43
85
739
930
422
800
963
921
762
563
218
313
994
59
582
153
177
263
163
78
358
103
211
607
227
140
151
358
55
805
642
143
413
242
426
38
914
951
541
57
185
18
