106	74	106	74
254	19	27	60
77	47	75	161
142	62	56	100
18	123	129	90
26	208	45	81
50	37	167	106
154	92	80	34
102	174	46	38
148	119	39	54
44	158	64	94
114	166	31	49
223	63	29	45
22	22	126	190
262	32	31	35
186	76	64	34
126	130	36	68
125	24	77	134
114	135	26	85
172	42	18	128
142	110	41	67
103	48	161	48
168	130	31	31
141	94	90	35
195	40	47	78
247	21	52	40
41	28	101	190
205	62	42	51
261	39	30	30
266	28	29	37
109	18	194	39
202	38	49	71
264	32	17	47
16	25	237	82
86	103	49	122
213	60	50	37
176	101	33	50
230	26	47	57
126	71	52	111
55	128	101	76
23	127	57	153
215	20	43	82
232	37	57	34
129	149	37	45
226	34	55	45
90	23	72	175
55	229	22	54
187	96	36	41
89	91	89	91
160	67	92	41
253	19	45	43
111	102	45	102
192	41	57	70
71	145	95	49
33	182	106	39
108	67	128	57
181	27	81	71
148	32	148	32
38	211	51	60
226	39	49	46
186	24	119	31
209	42	38	71
143	125	54	38
270	24	16	50
241	56	25	38
222	74	34	30
160	92	32	76
114	66	114	66
99	85	125	51
53	114	68	125
182	77	70	31
101	41	20	198
266	17	32	45
139	54	110	57
235	55	33	37
228	43	54	35
22	30	150	158
114	66	114	66
264	18	27	51
108	72	108	72
152	110	52	46
109	25	61	165
137	27	33	163
114	159	43	44
116	22	143	79
122	139	64	35
72	108	72	108
235	22	66	37
84	24	166	86
269	22	18	51
116	132	66	46
170	53	74	63
226	16	70	48
32	224	62	42
236	52	38	34
65	219	15	61
133	113	73	41
183	71	21	85
246	52	31	31
203	17	58	82
131	49	131	49
137	71	20	132
75	73	135	77
239	29	52	40
136	22	161	41
62	118	62	118
213	38	44	65
261	39	26	34
129	83	111	37
188	71	62	39
270	20	18	52
106	31	112	111
64	116	64	116
16	157	124	63
262	19	43	36
86	94	86	94
146	26	115	73
59	90	55	156
268	25	25	42
171	31	56	102
260	15	47	38
84	52	162	62
19	119	21	201
199	42	64	55
235	28	53	44
59	230	25	46
147	124	33	56
152	97	43	68
161	50	40	109
128	52	128	52
99	26	83	152
135	22	123	80
74	106	74	106
18	211	74	57
63	117	139	41
265	33	23	39
222	64	19	55
120	179	17	44
178	106	16	60
237	25	32	66
181	63	74	42
42	121	151	46
143	78	37	102
97	83	97	83
237	44	22	57
241	52	34	33
145	111	20	84
160	122	46	32
192	51	66	51
227	26	21	86
223	46	59	32
140	40	140	40
225	64	38	33
123	93	22	122
91	59	80	130
53	104	40	163
128	49	52	131
42	216	55	47
221	45	41	53
83	97	83	97
127	53	127	53
140	40	140	40
89	80	93	98
80	100	80	100
81	99	81	99
245	35	49	31
37	41	236	46
206	16	79	59
204	66	18	72
231	53	31	45
102	80	109	69
221	46	50	43
257	43	16	44
26	196	57	81
123	57	123	57
223	37	66	34
56	51	131	122
212	49	66	33
84	121	37	118
54	145	21	140
205	72	47	36
163	106	54	37
243	23	42	52
143	138	40	39
174	119	27	40
101	162	46	51
198	21	21	120
58	148	16	138
141	39	141	39
236	61	21	42
61	119	61	119
159	88	68	45
212	18	58	72
142	131	22	65
117	87	53	103
214	40	58	48
262	27	39	32
35	141	120	64
161	93	75	31
90	79	58	133
248	31	16	65
207	19	47	87
176	16	125	43
99	115	21	125
251	33	33	43
34	104	39	183
77	103	77	103
170	59	24	107
67	85	98	110
123	168	23	46
152	111	64	33
157	50	45	108
65	71	47	177
44	62	51	203
134	146	22	58
197	102	23	38
71	73	89	127
142	64	58	96
199	97	33	31
108	128	28	96
70	131	33	126
240	60	20	40
139	75	39	107
158	35	79	88
131	151	42	36
182	15	64	99
174	107	42	37
222	65	36	37
157	75	76	52
171	61	83	45
66	114	66	114
225	37	25	73
87	72	93	108
51	169	67	73
129	51	129	51
122	119	58	61
37	171	66	86
69	111	69	111
170	116	38	36
83	97	83	97
107	99	15	139
243	42	36	39
34	193	96	37
176	101	23	60
96	15	139	110
262	26	24	48
128	52	128	52
114	56	121	69
224	38	16	82
79	38	59	184
78	214	30	38
136	86	37	101
201	87	22	50
201	48	73	38
135	45	135	45
145	68	113	34
41	173	20	126
119	31	119	91
137	43	137	43
136	44	136	44
67	113	67	113
163	107	25	65
71	229	20	40
26	223	37	74
250	20	19	71
138	17	160	45
69	111	69	111
131	28	102	99
24	94	48	194
181	30	112	37
194	20	31	115
192	71	52	45
132	48	132	48
250	40	16	54
220	70	40	30
269	26	35	30
55	71	54	180
70	167	16	107
83	97	83	97
49	221	30	60
46	161	99	54
142	38	142	38
23	140	70	127
65	78	21	196
160	112	53	35
103	114	72	71
83	189	22	66
215	37	23	85
131	88	40	101
108	72	108	72
209	19	68	64
200	100	29	31
164	132	18	46
148	32	148	32
85	147	53	75
90	169	21	80
100	80	100	80
261	36	19	44
153	61	44	102
92	48	27	193
166	56	82	56
149	68	74	69
60	120	60	120
223	62	15	60
114	66	114	66
178	99	28	55
251	37	21	51
123	113	20	104
233	20	35	72
117	143	60	40
67	76	147	70
198	86	39	37
218	48	54	40
162	55	74	69
100	80	100	80
247	22	17	74
27	238	50	45
40	20	46	254
39	191	53	77
265	15	34	46
88	92	88	92
94	17	166	83
31	224	65	40
72	80	99	109
183	78	69	30
117	99	24	120
84	109	119	48
46	222	54	38
221	49	33	57
81	115	59	105
228	70	20	42
16	133	154	57
39	40	210	71
89	91	89	91
70	110	70	110
253	15	27	65
227	73	30	30
119	34	54	153
36	249	43	32
117	146	59	38
40	36	244	40
142	38	142	38
97	153	34	76
233	49	28	50
88	92	88	92
135	45	135	45
148	101	59	52
93	87	93	87
48	235	43	34
207	45	15	93
255	17	54	34
140	83	99	38
129	167	19	45
62	118	62	118
107	73	107	73
163	119	25	53
187	46	41	86
218	26	67	49
180	66	23	91
152	93	72	43
80	75	96	109
72	108	72	108
201	79	22	58
64	109	147	40
107	25	82	146
162	63	71	64
61	50	140	109
183	105	15	57
57	191	38	74
81	151	98	30
31	51	186	92
168	103	50	39
22	62	128	148
101	79	101	79
26	196	54	84
188	102	31	39
100	181	32	47
173	62	46	79
150	137	16	57
222	48	38	52
216	60	51	33
89	137	84	50
94	86	94	86
59	75	134	92
139	23	79	119
93	87	93	87
156	71	86	47
215	33	35	77
224	50	15	71
268	31	31	30
138	147	35	40
102	78	102	78
216	77	15	52
179	42	109	30
78	45	165	72
266	22	15	57
65	180	84	31
255	44	15	46
252	20	31	57
67	113	67	113
29	38	43	250
46	97	99	118
107	115	57	81
94	185	16	65
98	181	37	44
225	17	76	42
28	127	66	139
144	36	144	36
98	110	77	75
225	49	19	67
216	64	15	65
245	36	41	38
22	180	21	137
209	45	39	67
249	32	33	46
75	25	165	95
151	99	29	81
212	68	29	51
31	184	45	100
105	103	86	66
263	24	20	53
130	114	46	70
136	44	136	44
32	207	49	72
251	23	20	66
112	150	44	54
90	187	47	36
164	24	116	56
181	38	77	64
133	146	39	42
153	140	25	42
56	22	36	246
192	46	56	66
205	22	86	47
221	52	23	64
89	23	111	137
50	51	171	88
268	29	21	42
189	77	27	67
19	76	63	202
40	190	63	67
136	164	20	40
197	70	16	77
42	241	23	54
181	95	33	51
134	126	51	49
80	26	184	70
136	24	125	75
81	99	81	99
155	25	139	41
126	28	117	89
153	122	52	33
148	61	76	75
149	78	92	41
95	131	32	102
213	87	20	40
140	81	84	55
88	94	40	138
74	222	22	42
73	78	109	100
218	25	34	83
248	26	52	34
226	32	68	34
39	245	34	42
136	62	95	67
213	83	25	39
78	192	25	65
44	125	106	85
120	60	120	60
102	78	102	78
255	25	44	36
209	80	36	35
162	92	20	86
234	30	62	34
119	127	15	99
124	56	124	56
134	46	134	46
149	31	149	31
129	61	23	147
136	32	130	62
251	38	26	45
115	47	117	81
230	52	28	50
50	163	116	31
99	145	60	56
107	105	31	117
23	129	111	97
129	87	101	43
252	19	38	51
174	51	61	74
24	15	176	145
269	23	32	36
52	22	54	232
135	45	135	45
230	33	42	55
31	82	96	151
54	25	243	38
94	86	94	86
249	30	48	33
43	93	86	138
45	33	21	261
76	79	108	97
104	177	18	61
185	112	16	47
79	104	89	88
111	123	57	69
234	38	45	43
186	101	34	39
240	58	20	42
238	32	28	62
129	135	52	44
45	49	150	116
258	33	26	43
106	106	48	100
28	243	25	64
234	20	75	31
80	100	80	100
116	70	61	113
198	87	37	38
88	183	31	58
71	109	71	109
221	23	57	59
106	16	142	96
113	67	113	67
37	173	36	114
75	213	20	52
150	124	19	67
62	118	62	118
242	29	22	67
145	18	146	51
124	15	109	112
62	118	62	118
153	50	126	31
131	76	31	122
261	37	28	34
226	53	30	51
130	163	27	40
60	173	20	107
119	61	119	61
91	89	91	89
75	40	203	42
166	27	88	79
197	23	68	72
266	27	35	32
102	130	52	76
92	88	92	88
109	166	23	62
174	56	96	34
169	33	96	62
118	181	25	36
43	247	34	36
235	60	29	36
200	90	18	52
250	48	30	32
23	107	103	127
199	39	35	87
253	22	43	42
70	99	149	42
67	159	47	87
252	27	36	45
252	47	20	41
270	25	22	43
82	24	118	136
47	156	108	49
231	32	23	74
166	17	103	74
265	32	19	44
144	36	144	36
182	64	75	39
157	101	64	38
52	75	106	127
74	74	173	39
91	203	22	44
259	30	41	30
51	72	174	63
257	40	18	45
249	28	36	47
56	193	30	81
159	125	34	42
222	53	29	56
155	121	49	35
114	100	92	54
137	43	137	43
171	97	31	61
23	146	18	173
186	94	35	45
38	137	146	39
210	46	31	73
96	189	17	58
166	57	104	33
194	56	61	49
211	16	23	110
261	37	18	44
89	91	89	91
208	80	20	52
208	41	68	43
265	15	19	61
88	147	50	75
44	17	38	261
142	91	45	82
237	41	23	59
177	103	31	49
125	55	125	55
102	180	33	45
256	36	18	50
118	53	18	171
35	117	18	190
139	71	120	30
221	20	46	73
206	77	46	31
88	92	88	92
260	15	50	35
65	168	33	94
94	174	55	37
211	86	28	35
248	17	65	30
35	179	35	111
100	17	143	100
76	104	76	104
148	79	25	108
52	153	97	58
249	47	16	48
94	110	67	89
65	163	35	97
198	56	15	91
188	29	32	111
195	62	45	58
80	100	80	100
86	108	114	52
41	181	47	91
144	141	44	31
250	48	24	38
55	175	26	104
90	101	94	75
269	21	30	40
38	256	29	37
185	40	102	33
102	78	102	78
131	49	131	49
234	18	73	35
79	101	79	101
61	130	58	111
221	27	47	65
155	34	87	84
202	89	23	46
68	112	68	112
227	70	16	47
66	114	66	114
61	119	61	119
264	16	23	57
59	54	151	96
92	53	49	166
85	149	67	59
137	83	68	72
208	29	57	66
52	126	34	148
117	63	117	63
79	128	77	76
84	133	62	81
264	34	25	37
147	21	90	102
114	88	48	110
213	22	34	91
129	161	29	41
174	108	41	37
198	58	37	67
171	112	33	44
245	32	36	47
255	31	27	47
79	16	110	155
104	76	104	76
204	50	34	72
186	105	18	51
65	129	130	36
88	92	88	92
252	31	42	35
112	121	23	104
141	147	35	37
127	53	127	53
149	30	121	60
126	54	126	54
220	54	30	56
119	99	52	90
50	178	39	93
76	66	39	179
125	55	125	55
240	40	32	48
234	27	40	59
80	22	225	33
262	35	18	45
184	92	41	43
244	51	33	32
207	88	16	49
195	36	30	99
214	65	35	46
153	116	25	66
69	111	69	111
170	31	62	97
166	112	47	35
88	121	48	103
117	30	46	167
95	85	95	85
203	73	37	47
136	159	35	30
138	42	138	42
257	30	19	54
126	127	20	87
175	117	24	44
186	40	64	70
179	51	81	49
73	115	142	30
267	25	20	48
237	15	36	72
234	24	22	80
16	133	174	37
137	43	137	43
262	25	25	48
43	120	132	65
143	16	134	67
19	96	209	36
155	56	44	105
241	34	44	41
42	87	134	97
129	22	52	157
138	37	71	114
127	141	33	59
246	42	21	51
85	41	179	55
32	230	46	52
231	48	20	61
197	92	33	38
255	29	45	31
195	94	16	55
134	46	134	46
141	39	141	39
101	183	46	30
226	68	20	46
42	240	46	32
16	186	125	33
55	76	29	200
185	24	47	104
80	58	149	73
50	153	56	101
76	73	130	81
41	71	77	171
31	253	15	61
201	75	53	31
179	43	103	35
97	76	70	117
186	23	73	78
149	100	55	56
167	47	79	67
67	185	73	35
261	38	21	40
220	73	17	50
205	29	76	50
70	44	150	96
148	32	148	32
97	201	28	34
114	27	46	173
139	93	15	113
35	106	130	89
48	56	170	86
249	17	28	66
16	195	22	127
203	77	25	55
105	169	54	32
104	76	104	76
205	88	18	49
112	130	45	73
219	44	47	50
270	26	23	41
223	69	16	52
88	92	88	92
85	171	28	76
77	103	77	103
137	79	74	70
82	204	43	31
183	50	53	74
116	64	116	64
196	24	16	124
241	17	58	44
247	18	33	62
50	102	103	105
61	58	32	209
261	17	37	45
128	52	128	52
190	31	106	33
199	77	26	58
122	18	133	87
108	72	108	72
100	193	21	46
226	38	51	45
261	19	40	40
103	144	37	76
51	174	38	97
259	36	23	42
257	24	28	51
134	153	21	52
160	112	53	35
77	103	77	103
49	184	88	39
74	106	74	106
221	78	20	41
135	161	17	47
192	106	22	40
181	91	53	35
242	28	32	58
118	100	94	48
22	168	79	91
26	136	162	36
61	100	46	153
62	118	62	118
95	178	53	34
195	99	32	34
107	34	112	107
233	63	33	31
72	224	33	31
93	140	19	108
88	15	182	75
119	61	119	61
187	56	61	56
227	57	38	38
243	23	44	50
100	80	100	80
149	151	19	41
264	35	17	44
111	121	44	84
244	18	24	74
125	91	79	65
78	220	32	30
265	18	38	39
86	94	86	94
255	41	17	47
195	105	21	39
133	47	133	47
250	20	42	48
21	259	38	42
49	170	80	61
227	71	25	37
121	88	80	71
153	67	18	122
265	32	15	48
65	30	49	216
94	86	94	86
210	28	55	67
206	90	15	49
74	73	15	198
77	35	83	165
153	36	47	124
105	189	31	35
47	243	28	42
241	24	42	53
202	86	26	46
73	188	33	66
265	15	44	36
178	15	67	100
114	63	54	129
141	156	27	36
250	45	30	35
37	117	67	139
98	82	98	82
213	66	40	41
258	16	40	46
115	146	35	64
66	114	66	114
266	31	28	35
231	35	26	68
145	30	64	121
124	83	101	52
32	60	119	149
156	128	31	45
233	17	38	72
64	64	21	211
147	128	32	53
150	36	32	142
77	222	30	31
68	112	68	112
15	84	63	198
223	41	48	48
81	126	112	41
58	88	32	182
151	67	91	51
270	18	33	39
119	35	97	109
51	116	53	140
35	250	45	30
187	34	32	107
110	153	51	46
173	23	72	92
166	134	16	44
120	60	120	60
183	52	38	87
19	206	49	86
65	170	24	101
34	157	106	63
16	182	84	78
179	44	89	48
250	18	54	38
168	88	38	66
128	52	128	52
33	117	94	116
260	25	16	59
71	109	71	109
130	36	127	67
132	48	132	48
93	87	93	87
219	41	34	66
108	158	27	67
255	37	27	41
70	57	18	215
238	23	49	50
207	37	54	62
268	17	44	31
52	201	37	70
68	154	88	50
144	90	37	89
86	119	77	78
133	47	133	47
229	32	45	54
105	129	38	88
111	60	149	40
75	105	75	105
110	160	39	51
63	221	40	36
169	58	95	38
121	95	90	54
103	77	103	77
127	142	31	60
29	177	50	104
175	52	36	97
215	37	48	60
88	92	88	92
214	28	65	53
117	100	46	97
175	19	89	77
54	76	129	101
132	48	132	48
241	19	26	74
59	162	86	53
211	86	20	43
85	75	89	111
160	68	82	50
137	43	137	43
110	181	16	53
83	102	62	113
26	60	63	211
55	112	156	37
120	44	29	167
160	76	68	56
184	39	62	75
266	15	40	39
205	92	18	45
121	162	21	56
117	104	84	55
102	78	102	78
200	41	51	68
79	101	79	101
150	30	150	30
146	34	146	34
153	65	23	119
21	222	65	52
266	18	32	44
248	37	17	58
205	63	61	31
116	38	40	166
201	61	45	53
102	159	26	73
96	84	96	84
193	33	53	81
74	180	23	83
222	58	22	58
213	33	69	45
224	31	17	88
230	18	18	94
122	161	17	60
151	130	36	43
131	43	50	136
222	64	20	54
61	111	82	106
92	88	92	88
108	113	43	96
119	86	67	88
254	19	40	47
122	176	30	32
242	32	47	39
143	87	46	84
52	238	29	41
223	77	23	37
267	21	26	46
40	241	18	61
159	35	70	96
83	68	71	138
80	87	139	54
150	109	58	43
98	45	121	96
139	75	39	107
119	73	122	46
117	63	117	63
60	140	62	98
113	67	113	67
35	50	62	213
217	19	89	35
150	133	21	56
98	163	23	76
204	41	78	37
108	72	108	72
98	93	128	41
216	15	55	74
120	60	120	60
50	100	102	108
236	45	31	48
252	40	15	53
227	42	39	52
126	148	40	46
147	33	147	33
177	112	35	36
19	278	18	45
105	138	32	85
201	68	27	64
231	33	46	50
95	78	116	71
124	56	124	56
48	28	193	91
105	23	51	181
75	105	75	105
227	63	15	55
152	37	32	139
143	26	142	49
104	76	104	76
177	27	96	60
57	158	29	116
29	173	58	100
63	72	23	202
138	123	48	51
124	121	67	48
17	255	25	63
56	127	36	141
210	50	35	65
178	61	18	103
18	239	29	74
253	43	21	43
216	84	19	41
152	75	79	54
106	61	98	95
140	52	60	108
148	84	67	61
45	100	139	76
123	123	30	84
121	90	113	36
187	66	30	77
87	119	56	98
111	69	111	69
207	49	32	72
138	156	24	42
18	75	197	70
34	111	125	90
56	144	89	71
167	56	90	47
23	169	49	119
166	76	30	88
157	108	54	41
160	17	35	148
232	36	62	30
187	47	74	52
191	26	47	96
47	218	46	49
185	76	46	53
26	167	19	148
100	80	100	80
224	68	32	36
136	29	25	170
104	35	143	78
158	33	21	148
61	238	18	43
130	28	152	50
120	60	120	60
153	101	66	40
126	54	126	54
97	88	117	58
139	38	95	88
139	105	34	82
182	87	23	68
197	90	21	52
240	23	39	58
130	50	130	50
177	112	24	47
70	164	88	38
249	15	36	60
124	20	63	153
130	50	130	50
261	20	22	57
226	54	18	62
95	85	95	85
168	38	75	79
215	76	32	37
158	81	50	71
64	133	100	63
179	48	39	94
148	133	34	45
77	57	170	56
120	60	120	60
213	35	78	34
121	23	129	87
74	16	120	150
180	95	36	49
187	72	17	84
93	61	146	60
76	74	91	119
82	198	29	51
261	26	25	48
93	87	93	87
53	242	23	42
41	44	41	234
215	56	55	34
47	37	42	234
107	73	107	73
58	16	75	211
176	40	57	87
23	221	35	81
26	120	44	170
148	103	76	33
59	109	121	71
245	46	20	49
265	20	33	42
205	77	39	39
116	118	47	79
190	95	28	47
255	21	29	55
180	92	52	36
111	29	37	183
232	27	43	58
248	17	32	63
35	215	79	31
66	25	232	37
117	63	117	63
75	57	184	44
120	54	105	81
211	79	23	47
221	48	56	35
39	60	82	179
95	143	63	59
91	89	91	89
188	96	38	38
204	44	75	37
220	20	67	53
31	254	15	60
161	101	33	65
40	110	38	172
76	104	76	104
76	177	72	35
174	47	55	84
227	45	22	66
250	27	33	50
169	37	114	40
42	238	16	64
232	30	40	58
130	18	66	146
108	72	108	72
143	46	63	108
63	117	63	117
116	96	31	117
227	28	37	68
248	22	22	68
186	22	61	91
157	127	16	60
119	101	50	90
100	163	22	75
30	236	44	50
161	113	44	42
29	181	75	75
146	29	39	146
186	30	28	116
213	54	61	32
151	73	70	66
246	44	18	52
167	58	68	67
19	63	69	209
80	205	28	47
170	98	38	54
23	167	109	61
77	47	133	103
178	31	93	58
185	85	53	37
87	35	21	217
174	61	92	33
148	32	148	32
164	124	35	37
24	256	27	53
70	132	116	42
78	115	22	145
163	101	24	72
26	54	104	176
157	129	35	39
169	38	26	127
117	63	117	63
101	79	101	79
150	126	36	48
112	83	113	52
126	141	40	53
45	171	101	43
219	59	21	61
29	146	132	53
131	123	31	75
100	40	110	110
66	124	15	155
103	77	103	77
125	163	24	48
162	131	24	43
140	102	19	99
218	24	34	84
125	173	15	47
124	108	96	32
139	18	136	67
192	49	52	67
173	77	32	78
207	82	32	39
148	25	120	67
240	25	62	33
36	38	248	38
209	42	46	63
61	204	15	80
172	67	21	100
97	83	97	83
114	22	47	177
126	72	49	113
224	51	27	58
126	41	134	59
82	89	96	93
156	122	28	54
103	77	103	77
234	60	25	41
49	198	46	67
27	176	17	140
146	111	33	70
194	55	51	60
151	133	35	41
85	93	32	150
86	94	86	94
207	56	52	45
86	153	90	31
102	169	36	53
263	23	31	43
198	93	36	33
158	87	36	79
75	101	63	121
121	137	37	65
79	19	166	96
55	126	108	71
73	107	73	107
190	99	25	46
40	200	15	105
257	28	26	49
103	138	25	94
155	132	39	34
79	101	79	101
186	101	25	48
49	161	100	50
214	70	35	41
69	105	152	34
156	17	147	40
234	23	26	77
44	44	181	91
229	18	60	53
66	58	181	55
210	76	23	51
184	30	42	104
24	119	21	196
73	185	23	79
164	52	39	105
239	41	46	34
82	148	35	95
242	37	24	57
65	115	65	115
224	34	19	83
143	77	108	32
136	85	63	76
154	93	49	64
95	85	95	85
155	106	19	80
120	18	146	76
246	38	42	34
21	60	215	64
19	230	50	61
250	42	36	32
66	114	66	114
188	37	99	36
136	44	136	44
57	50	44	209
159	15	70	116
208	62	54	36
97	83	97	83
174	90	42	54
67	114	70	109
197	81	37	45
266	34	27	33
25	267	25	43
236	58	28	38
127	123	80	30
171	89	66	34
263	29	36	32
18	143	25	174
229	20	71	40
238	51	19	52
34	260	28	38
130	50	130	50
48	123	60	129
122	57	66	115
267	27	29	37
119	61	119	61
147	33	147	33
111	69	111	69
176	30	122	32
45	55	125	135
116	104	27	113
104	133	20	103
40	67	215	38
39	156	57	108
22	126	106	106
15	204	60	81
64	116	64	116
19	76	233	32
252	21	53	34
45	212	27	76
130	126	20	84
53	137	71	99
57	23	169	111
40	239	23	58
19	90	66	185
93	87	93	87
251	31	30	48
250	34	23	53
210	72	32	46
41	64	114	141
120	100	107	33
265	33	19	43
188	80	62	30
25	123	175	37
63	190	62	45
81	99	81	99
46	182	23	109
63	170	78	49
196	104	20	40
198	89	40	33
242	18	55	45
140	120	16	84
85	130	63	82
56	144	119	41
252	18	23	67
195	77	24	64
206	81	29	44
112	68	112	68
134	79	48	99
177	92	43	48
145	87	53	75
61	213	52	34
260	26	36	38
221	54	20	65
155	26	121	58
209	66	39	46
62	30	38	230
267	17	27	49
172	77	28	83
138	40	146	36
84	86	122	68
136	73	22	129
102	78	102	78
208	20	78	54
202	15	47	96
161	72	71	56
101	27	64	168
162	123	40	35
207	61	42	50
90	90	90	90
108	167	15	70
234	28	33	65
230	69	29	32
235	24	52	49
204	81	43	32
24	215	80	41
228	50	52	30
264	25	34	37
162	104	35	59
129	142	30	59
83	97	83	97
208	74	43	35
222	76	26	36
144	27	107	82
114	146	65	35
120	60	120	60
232	32	23	73
241	36	30	53
256	25	35	44
130	50	130	50
63	117	63	117
165	121	34	40
231	64	17	48
86	124	88	62
242	31	35	52
83	160	59	58
112	68	112	68
132	48	132	48
245	21	46	48
119	144	33	64
174	116	29	41
90	32	114	124
186	38	87	49
47	221	35	57
124	142	16	78
242	19	20	79
39	41	183	97
251	43	33	33
103	116	70	71
74	25	111	150
165	48	86	61
147	51	107	55
99	142	67	52
250	41	33	36
179	31	114	36
243	16	34	67
140	146	24	50
187	54	78	41
125	55	125	55
150	70	106	34
79	57	127	97
131	45	45	139
78	140	60	82
212	51	55	42
238	22	16	84
191	29	64	76
88	55	48	169
106	169	34	51
59	205	33	63
42	175	16	127
230	62	37	31
216	57	37	50
69	17	47	227
57	155	22	126
79	72	107	102
112	68	112	68
148	24	154	34
68	149	85	58
100	48	18	194
130	50	130	50
113	98	101	48
57	17	173	113
88	84	122	66
110	139	55	56
243	17	15	85
246	26	34	54
179	93	37	51
112	79	72	97
176	23	96	65
58	230	30	42
123	114	33	90
267	19	44	30
229	19	31	81
210	33	20	97
121	166	25	48
67	197	26	70
97	155	55	53
54	106	147	53
179	35	40	106
208	92	23	37
46	164	50	100
93	77	110	80
19	232	34	75
98	159	40	63
124	69	27	140
50	168	17	125
227	47	44	42
19	158	153	30
30	236	39	55
99	81	99	81
78	102	78	102
32	105	177	46
217	30	57	56
265	35	25	35
196	96	18	50
18	182	67	93
148	15	43	154
116	178	23	43
55	33	178	94
263	22	37	38
176	120	33	31
259	22	26	53
167	125	37	31
101	105	42	112
128	117	67	48
59	148	39	114
209	51	24	76
160	100	67	33
191	47	63	59
236	16	26	82
125	55	125	55
201	78	25	56
235	45	38	42
74	106	74	106
27	154	139	40
47	224	38	51
130	125	53	52
212	57	16	75
90	26	179	65
268	31	16	45
208	54	19	79
145	138	19	58
212	37	28	83
227	53	18	62
80	84	125	71
75	224	21	40
154	102	34	70
127	53	127	53
201	69	28	62
30	74	87	169
97	83	97	83
146	34	146	34
83	123	59	95
132	48	132	48
147	33	147	33
51	49	208	52
145	60	17	138
125	57	91	87
107	104	110	39
20	214	60	66
201	53	46	60
239	54	17	50
253	18	43	46
83	151	58	68
194	55	73	38
98	182	35	45
85	54	72	149
72	188	69	31
70	24	159	107
263	18	31	48
88	183	38	51
120	60	120	60
179	57	33	91
127	107	59	67
69	66	72	153
98	104	121	37
98	34	131	97
105	75	105	75
129	113	39	79
226	53	39	42
187	23	37	113
45	227	25	63
32	192	20	116
180	69	52	59
269	18	36	37
214	17	57	72
25	176	79	80
17	51	219	73
269	16	21	54
180	23	93	64
238	28	17	77
256	23	40	41
134	44	67	115
168	50	69	73
120	60	120	60
119	122	69	50
70	110	70	110
164	60	44	92
214	66	28	52
42	171	96	51
225	38	39	58
71	45	114	130
78	27	159	96
15	127	43	175
74	106	74	106
150	144	27	39
100	66	72	122
99	100	105	56
147	104	60	49
111	165	40	44
207	57	66	30
160	39	33	128
20	110	109	121
172	46	88	54
252	19	42	47
188	68	35	69
205	62	61	32
267	31	23	39
52	151	64	93
200	98	30	32
40	15	176	129
89	148	25	98
40	235	37	48
117	47	23	173
115	130	37	78
258	26	39	37
122	140	46	52
63	142	91	64
30	220	78	32
156	85	40	79
154	120	32	54
66	39	145	110
108	157	16	79
24	203	61	72
240	57	28	35
207	88	34	31
61	159	17	123
270	22	27	41
159	85	43	73
24	107	129	100
86	94	86	94
86	94	86	94
77	103	77	103
162	84	61	53
57	172	61	70
116	136	57	51
228	28	53	51
152	30	145	33
248	16	47	49
197	41	79	43
116	105	55	84
267	20	16	57
240	40	42	38
128	104	66	62
166	70	20	104
85	126	57	92
54	99	69	138
55	40	203	62
59	26	142	133
41	136	122	61
41	177	31	111
270	28	17	45
227	30	45	58
160	139	18	43
57	20	76	207
239	49	28	44
249	31	24	56
202	42	31	85
146	34	146	34
59	122	72	107
218	52	39	51
219	57	19	65
228	55	27	50
88	111	25	136
138	69	112	41
81	99	81	99
122	176	16	46
229	32	34	65
77	106	78	99
249	29	16	66
164	18	123	55
190	29	22	119
140	154	16	50
250	16	27	67
25	139	24	172
134	78	73	75
237	54	36	33
182	18	26	134
20	45	134	161
101	22	41	196
82	98	82	98
67	90	68	135
226	66	27	41
86	51	93	130
257	28	20	55
235	59	23	43
144	36	144	36
45	55	55	205
68	135	76	81
63	24	90	183
90	176	20	74
255	15	21	69
57	181	82	40
157	45	83	75
27	214	65	54
162	118	43	37
104	93	29	134
68	112	68	112
183	66	57	54
112	38	44	166
168	132	17	43
125	49	114	72
130	85	80	65
120	67	23	150
137	43	137	43
191	16	117	36
251	17	28	64
142	38	71	109
42	16	107	195
60	158	71	71
108	187	26	39
270	27	24	39
37	174	23	126
30	132	89	109
161	88	41	70
40	223	46	51
129	51	129	51
198	29	94	39
138	140	42	40
172	82	18	88
216	21	72	51
261	34	16	49
216	54	39	51
103	44	125	88
85	209	36	30
68	112	68	112
137	118	39	66
81	183	60	36
63	42	101	154
120	180	18	42
80	209	17	54
161	101	39	59
69	111	69	111
228	32	25	75
44	250	23	43
261	29	18	52
194	64	53	49
62	118	62	118
189	95	17	59
110	119	51	80
125	55	125	55
49	207	41	63
107	125	19	109
70	139	22	129
141	111	41	67
50	135	107	68
144	146	34	36
220	18	85	37
146	66	38	110
124	56	124	56
150	109	23	78
63	114	115	68
67	113	67	113
264	32	25	39
209	91	21	39
101	139	70	50
145	140	17	58
270	20	22	48
44	72	26	218
173	109	22	56
258	25	42	35
190	93	18	59
254	45	16	45
77	108	44	131
36	20	137	167
148	32	148	32
198	64	37	61
206	87	18	49
150	121	50	39
266	27	34	33
53	80	63	164
50	172	53	85
65	211	28	56
141	46	54	119
183	72	31	74
128	52	128	52
145	41	95	79
155	44	77	84
98	19	151	92
133	79	31	117
270	25	35	30
80	54	38	188
142	38	73	107
17	226	59	58
123	157	20	60
91	95	108	66
266	19	25	50
126	168	22	44
97	83	97	83
232	28	49	51
59	64	68	169
234	51	38	37
176	62	47	75
41	42	168	109
65	115	65	115
22	229	76	33
132	62	40	126
176	102	16	66
150	60	22	128
210	24	48	78
139	26	86	109
265	16	32	47
174	100	44	42
71	109	71	109
165	59	50	86
140	147	36	37
38	172	80	70
108	136	49	67
39	28	58	235
140	40	140	40
107	36	55	162
111	69	47	133
68	112	68	112
146	54	106	54
205	57	61	37
115	65	115	65
23	261	26	50
223	40	21	76
156	50	63	91
233	50	36	41
76	104	76	104
246	42	20	52
240	19	28	73
259	24	41	36
79	113	17	151
269	31	23	37
105	17	99	139
266	30	24	40
158	108	42	52
217	17	35	91
87	93	87	93
261	25	19	55
76	162	58	64
245	53	22	40
144	148	16	52
122	50	63	125
116	158	42	44
58	31	222	49
262	19	43	36
165	16	33	146
143	37	143	37
102	142	66	50
237	58	27	38
226	72	20	42
78	168	56	58
240	59	16	45
124	56	124	56
103	77	103	77
89	100	132	39
162	138	29	31
235	50	28	47
206	88	36	30
102	138	26	94
266	32	25	37
268	27	18	47
108	105	92	55
54	201	68	37
138	103	71	48
108	59	16	177
217	79	26	38
259	30	40	31
138	111	57	54
168	66	78	48
72	108	72	108
233	28	43	56
87	151	26	96
137	79	26	118
258	34	17	51
79	156	57	68
184	66	37	73
207	25	43	85
110	50	102	98
79	187	44	50
214	72	23	51
218	20	85	37
150	125	36	49
89	141	61	69
215	83	23	39
267	21	17	55
160	34	99	67
262	18	28	52
123	95	54	88
60	24	52	224
52	242	15	51
139	66	99	56
208	19	53	80
59	49	130	122
218	80	27	35
49	61	129	121
78	102	78	102
25	91	173	71
204	74	45	37
90	90	90	90
60	81	185	34
177	19	130	34
169	30	128	33
93	94	41	132
132	21	48	159
137	55	98	70
185	45	62	68
25	255	27	53
126	106	53	75
158	110	25	67
114	54	78	114
42	237	21	60
258	33	22	47
146	34	146	34
60	120	60	120
171	115	44	30
97	175	15	73
75	85	155	45
154	100	75	31
51	50	82	177
185	32	55	88
97	166	49	48
35	257	34	34
216	81	22	41
222	62	16	60
72	60	24	204
56	210	55	39
89	91	89	91
124	18	131	87
156	98	54	52
116	64	116	64
146	65	90	59
214	74	42	30
39	243	36	42
109	123	31	97
182	115	25	38
245	29	41	45
113	37	42	168
33	235	39	53
169	24	43	124
160	110	33	57
195	17	74	74
129	51	129	51
158	63	85	54
270	26	18	46
31	249	48	32
100	136	78	46
216	61	24	59
17	143	110	90
187	111	17	45
120	41	99	100
122	154	51	33
208	62	47	43
192	81	57	30
125	125	38	72
186	38	97	39
127	53	127	53
123	102	47	88
158	98	19	85
247	50	17	46
93	87	93	87
201	77	48	34
222	39	41	58
20	149	75	116
106	91	93	70
152	95	35	78
77	54	145	84
264	27	16	53
210	24	81	45
181	113	17	49
83	97	83	97
20	211	71	58
141	39	141	39
234	15	21	90
193	68	68	31
124	158	44	34
103	77	103	77
45	156	26	133
130	34	53	143
107	82	46	125
158	96	15	91
91	89	91	89
28	223	23	86
80	60	108	112
176	84	22	78
77	23	62	198
74	110	97	79
71	70	36	183
44	35	247	34
225	38	42	55
261	16	39	44
204	67	39	50
104	76	104	76
67	113	67	113
126	54	126	54
115	118	27	100
140	90	66	64
159	75	26	100
254	32	27	47
238	62	16	44
74	226	30	30
223	39	65	33
211	39	63	47
38	197	15	110
119	109	45	87
137	43	137	43
73	198	18	71
109	28	187	36
251	28	42	39
204	94	30	32
31	171	33	125
133	19	146	62
20	274	25	41
96	165	66	33
61	15	182	102
77	95	60	128
256	24	37	43
248	17	50	45
233	23	67	37
263	28	27	42
56	152	83	69
94	111	71	84
166	128	23	43
220	23	48	69
126	26	76	132
100	110	102	48
179	106	37	38
122	58	50	130
115	57	133	55
15	112	46	187
244	20	38	58
262	24	33	41
65	46	131	118
16	44	85	215
95	131	54	80
231	63	36	30
256	26	45	33
259	34	30	37
140	40	140	40
83	77	54	146
118	18	33	191
98	154	37	71
248	45	20	47
258	24	34	44
57	115	57	131
83	97	83	97
48	199	40	73
66	115	68	111
209	88	23	40
235	38	15	72
183	92	40	45
251	22	30	57
115	142	23	80
78	28	74	180
235	38	57	30
66	20	74	200
57	187	46	70
85	38	136	101
116	132	38	74
35	229	15	81
62	70	70	158
95	28	72	165
90	202	30	38
22	55	160	123
242	28	35	55
130	50	130	50
163	53	70	74
233	46	28	53
209	50	63	38
266	32	19	43
108	72	108	72
62	178	15	105
158	70	47	85
121	51	98	90
33	20	188	119
168	73	22	97
229	57	44	30
217	57	54	32
141	94	30	95
129	66	113	52
70	164	39	87
125	37	91	107
107	40	97	116
141	39	141	39
250	41	39	30
50	78	15	217
136	136	26	62
104	160	66	30
108	97	105	50
255	35	37	33
17	247	57	39
144	36	144	36
71	113	133	43
112	59	97	92
86	94	86	94
213	26	28	93
251	41	16	52
28	145	132	55
267	20	36	37
109	94	89	68
161	139	23	37
18	71	166	105
113	37	135	75
88	59	87	126
154	21	40	145
143	124	16	77
67	199	34	60
136	18	21	185
74	136	92	58
89	137	47	87
15	103	15	227
95	76	102	87
89	91	89	91
239	19	31	71
153	77	66	64
218	55	50	37
16	248	56	40
109	71	109	71
66	155	69	70
233	47	38	42
257	18	36	49
242	42	30	46
181	43	84	52
143	37	143	37
114	66	114	66
68	210	43	39
124	150	31	55
172	48	69	71
270	19	19	52
79	66	114	101
113	67	113	67
39	125	28	168
270	21	28	41
123	112	22	103
144	36	144	36
235	36	44	45
142	38	142	38
82	117	130	31
133	51	64	112
198	30	102	30
123	88	36	113
36	109	90	125
73	191	45	51
82	56	44	178
250	31	33	46
136	71	63	90
233	38	52	37
18	208	17	117
241	43	20	56
104	145	20	91
210	15	44	91
265	32	19	44
159	110	29	62
74	106	74	106
166	65	40	89
160	20	53	127
53	81	131	95
92	88	92	88
203	64	56	37
66	103	23	168
117	35	148	60
134	62	95	69
227	31	65	37
62	93	117	88
89	133	102	36
114	121	21	104
113	184	32	31
126	45	82	107
53	26	192	89
49	34	139	138
179	84	44	53
233	36	46	45
259	40	17	44
238	26	49	47
219	54	23	64
132	146	44	38
196	94	32	38
268	22	40	30
139	116	48	57
126	54	126	54
222	70	28	40
55	106	32	167
161	92	69	38
249	22	16	73
232	38	52	38
118	134	78	30
193	31	52	84
110	40	150	60
27	234	50	49
220	56	33	51
136	37	135	52
82	139	26	113
94	125	50	91
187	39	102	32
225	70	15	50
89	24	98	149
262	24	22	52
53	18	144	145
103	77	103	77
25	31	199	105
256	21	48	35
215	56	21	68
242	40	30	48
264	33	23	40
150	30	150	30
62	82	49	167
166	52	82	60
132	48	132	48
72	195	51	42
28	224	35	73
57	215	54	34
183	90	55	32
264	30	22	44
251	15	37	57
97	116	50	97
111	69	111	69
104	50	133	73
109	43	86	122
138	18	112	92
235	57	23	45
17	93	142	108
111	69	111	69
68	30	121	141
170	125	17	48
164	109	26	61
202	15	75	68
109	187	15	49
92	70	50	148
74	148	108	30
67	115	115	63
35	88	163	74
196	58	46	60
146	131	27	56
39	78	203	40
103	114	58	85
156	57	52	95
199	37	88	36
69	161	20	110
90	90	90	90
100	80	100	80
191	31	18	120
18	120	162	60
177	69	58	56
95	34	15	216
87	110	103	60
89	157	74	40
176	81	57	46
194	24	73	69
249	47	23	41
179	53	90	38
34	176	98	52
240	21	46	53
248	16	58	38
250	31	37	42
115	17	107	121
123	57	123	57
107	23	15	215
16	228	81	35
149	145	34	32
206	69	42	43
123	95	58	84
222	69	32	37
244	23	49	44
62	118	62	118
164	105	36	55
128	52	128	52
123	126	25	86
139	109	37	75
184	42	89	45
252	29	31	48
176	103	40	41
257	21	21	61
262	18	22	58
144	36	144	36
74	36	193	57
228	71	17	44
22	214	74	50
188	95	38	39
182	91	48	39
33	263	17	47
116	33	120	91
202	98	27	33
226	40	61	33
87	93	87	93
107	88	76	89
21	210	36	93
82	98	82	98
243	33	48	36
212	78	29	41
65	213	31	51
245	15	47	53
149	137	30	44
163	104	43	50
37	220	65	38
161	72	66	61
189	38	96	37
238	32	45	45
211	54	17	78
86	94	86	94
67	202	19	72
237	37	42	44
59	185	42	74
191	38	24	107
262	36	18	44
74	124	41	121
81	189	51	39
216	21	81	42
55	41	101	163
149	31	149	31
163	112	55	30
239	43	28	50
192	69	21	78
99	81	99	81
63	162	38	97
53	19	25	263
168	64	64	64
151	133	35	41
112	68	112	68
77	22	133	128
71	194	29	66
77	125	30	128
22	139	130	69
150	101	54	55
132	156	41	31
208	32	47	73
55	115	138	52
63	99	145	53
110	93	106	51
144	117	30	69
59	225	39	37
112	162	17	69
48	185	21	106
104	31	182	43
35	138	57	130
225	66	28	41
174	85	38	63
113	111	33	103
241	16	65	38
261	35	15	49
237	35	32	56
161	36	93	70
107	151	36	66
248	51	21	40
238	26	23	73
126	25	170	39
146	143	33	38
256	27	28	49
58	63	41	198
112	114	47	87
180	53	89	38
239	29	16	76
159	39	20	142
128	69	52	111
33	126	18	183
49	108	22	181
248	48	28	36
192	55	20	93
192	72	59	37
256	19	49	36
82	56	178	44
74	195	35	56
242	50	35	33
148	19	159	34
40	150	75	95
82	213	20	45
124	41	35	160
142	150	29	39
110	70	110	70
156	130	39	35
157	75	90	38
238	21	62	39
155	123	41	41
18	225	59	58
236	42	46	36
125	25	93	117
83	188	56	33
258	30	35	37
75	105	75	105
151	52	112	45
182	30	16	132
91	89	91	89
119	153	56	32
50	131	48	131
249	44	24	43
42	160	95	63
248	41	19	52
151	135	41	33
61	119	61	119
102	78	102	78
65	115	65	115
189	110	30	31
212	52	33	63
94	111	29	126
134	75	23	128
67	149	57	87
113	83	15	149
50	150	101	59
215	32	28	85
104	189	23	44
189	81	35	55
110	108	15	127
59	117	139	45
234	51	25	50
158	131	28	43
101	17	100	142
112	122	74	52
147	105	51	57
15	268	19	58
110	70	110	70
189	86	22	63
177	37	43	103
222	33	48	57
56	21	197	86
136	139	51	34
44	183	82	51
127	53	127	53
257	17	24	62
107	173	21	59
105	20	71	164
118	83	126	33
18	170	135	37
206	45	15	94
123	155	28	54
49	57	32	222
206	74	35	45
71	147	81	61
153	100	51	56
34	135	140	51
207	72	25	56
63	125	55	117
114	172	37	37
153	57	81	69
81	99	81	99
40	149	23	148
20	29	249	62
121	121	49	69
103	32	99	126
100	75	46	139
78	52	127	103
212	30	59	59
40	180	48	92
50	39	90	181
148	18	85	109
229	59	28	44
203	84	23	50
223	23	20	94
103	77	103	77
231	69	23	37
68	32	175	85
142	130	43	45
163	45	16	136
18	232	49	61
254	32	42	32
254	24	16	66
104	76	104	76
141	69	119	31
65	119	121	55
129	51	129	51
99	48	103	110
220	23	60	57
176	98	30	56
84	96	84	96
217	36	54	53
134	46	134	46
89	91	89	91
158	50	47	105
49	47	139	125
236	43	34	47
255	39	16	50
149	31	149	31
69	111	69	111
216	49	32	63
149	31	149	31
74	106	74	106
108	151	41	60
170	125	15	50
48	111	169	32
78	102	78	102
73	212	32	43
145	145	34	36
260	40	16	44
204	28	87	41
138	42	138	42
16	221	58	65
149	67	84	60
235	26	25	74
239	42	37	42
253	32	33	42
80	100	80	100
157	112	25	66
80	67	147	66
142	38	142	38
89	91	89	91
253	31	17	59
39	47	191	83
195	57	28	80
34	146	88	92
89	91	89	91
252	43	18	47
62	55	162	81
38	79	161	82
89	210	24	37
201	76	38	45
107	105	69	79
83	97	83	97
241	59	17	43
141	39	141	39
49	211	65	35
83	172	63	42
138	161	18	43
84	153	25	98
91	15	184	70
254	35	40	31
174	74	63	49
135	22	87	116
95	85	95	85
123	136	57	44
184	30	70	76
226	61	34	39
55	38	92	175
79	24	44	213
138	50	79	93
167	130	22	41
51	143	135	31
99	80	148	33
42	27	217	74
84	141	83	52
215	84	28	33
115	65	115	65
234	62	32	32
174	101	28	57
54	89	78	139
82	98	82	98
