-90572
87400
-69511
-91373
57141
25624
-61063
-74545
19830
-42989
-52114
-40283
68035
37426
-60090
28390
-14309
-25678
-53481
36906
-54679
-78262
58088
45763
16677
-79174
-97818
-37833
87033
51342
-40132
36707
55838
53341
99920
-60091
-45820
-36896
-40351
769
57483
9661
28846
800
-66805
-71076
-41974
-49559
-55663
-39585
25430
-6501
21024
73959
74906
47066
90295
-78566
-16707
-30037
-43493
69343
78557
65754
69604
-36599
40361
-76906
-85307
-86646
90842
22095
-29752
1701
69748
-61325
-23363
-30470
-38970
9389
51352
90105
79546
-38234
39876
12506
12242
-89261
-65811
4345
4977
31329
-12870
42982
38616
73969
-81069
-52025
-83384
-15846
-68157
-28185
77732
-38997
-33992
-98973
-23896
78728
44008
-34844
47306
-99661
53149
2648
-35463
52492
65396
-2226
-52882
-61166
-43278
-69942
-96999
-39921
51904
-40044
-63199
60820
3387
-3502
79796
17494
49896
52377
6678
96827
42132
-27861
81002
36059
-85103
-87776
65520
-17183
-72170
-82052
5046
2768
41324
-33763
-25510
3950
-22493
93602
-26779
-66410
98281
-93948
-42002
67284
60674
-87304
-51466
67919
-43964
18402
11240
-97432
14793
-37879
22005
-4119
46157
21648
-23492
-12081
4881
-27335
90098
-77401
65016
-45421
-96269
12533
19533
-1533
39174
-3025
32689
-23576
86968
82086
-36283
-75097
61837
-65277
-41233
-18740
41195
28003
37170
69974
41838
-14934
88352
-43006
-40184
-76167
-55276
11103
-91652
84284
23970
93037
-76113
13150
-42910
64116
49765
72951
-84306
15348
-2836
-94894
-6134
11438
76481
32743
-38661
93143
53301
6155
-74126
23684
31997
-34212
64899
-91765
39601
31001
-39051
31518
-33492
-46355
16551
40342
-37680
49876
-2265
45887
-81464
-19389
-32555
12288
-92095
-77587
-86031
27668
46444
17255
39605
-89277
38689
57937
-70826
59858
-29524
-53042
-48339
66972
-77827
-25046
64233
96980
34005
-27339
50254
62993
-53235
83299
-7783
-45035
-1931
-22112
83086
-86827
71826
-66125
-97756
61851
-50938
-78170
-20493
70135
40600
95974
-74606
-81908
-76897
9775
-89714
-36064
-48340
-51546
-71317
-31355
93811
-46287
57563
-59243
65653
-96735
-9135
62405
-27353
-2987
-96332
-95772
57604
-20165
-26420
57393
52704
23262
90442
36127
-42399
12578
-38898
-73475
79763
-50482
8744
-2177
-38355
34354
-37676
47684
11542
81607
-86315
-77608
8452
72267
-73681
-447
98463
-61933
-98404
82951
84756
-26408
-71811
4853
37968
49902
-98313
-50358
-34627
87482
97981
-17053
3339
32909
70318
-63742
91640
93124
5978
-89365
-17526
45063
5427
-56172
44999
-83675
-58953
55754
-45706
-74644
-84553
-85584
-13645
-54801
89011
46223
82614
42852
55106
73518
-94558
15368
48900
-70060
-41756
-89542
-96914
-48473
81791
89350
-44612
-19493
13870
62812
-67754
1462
-20747
2371
-24609
57247
8798
-40731
31849
-578
-75584
83408
-96027
65026
-65898
-37064
54819
-32150
84595
-45859
-20736
-86794
-37502
-42233
-66719
59416
63934
26553
-41421
83309
43091
48762
3900
-20755
-99546
36433
-42577
-63970
-95345
-90143
29359
78123
-618
28456
-26937
-14969
-53824
-25750
37180
31982
-51521
91509
-59127
71750
87287
22141
-77350
-46815
-80330
-86397
-32871
-82587
-80788
5467
-39918
-20905
-5559
-40223
-58488
-75503
-74322
-51234
-98097
27312
97139
87417
-30104
-88
-53256
55102
-49338
2609
-41965
83500
-83128
-35991
-37407
-2639
23330
38016
-18520
88833
-58653
-28753
-68415
-71403
-58297
-70512
91105
-92014
-99342
-799
-3031
-65522
84666
27195
68641
-22416
97734
-26322
79122
-35632
9860
-36717
-59318
-49895
-71384
-89884
24653
-37415
6175
83587
87951
58062
41369
-4157
-40000
-54857
90710
-75767
94434
56244
-15335
-29549
64006
-54297
41897
-56467
-58513
8116
40073
-94190
60951
-40788
83505
1967
-21374
-12382
-19951
-70508
2164
-66001
27393
-62819
2414
7816
-40402
94126
-25905
-9521
76167
-44908
92124
7731
-21891
5252
-74112
87748
-81703
-77860
-89873
-9749
91064
63601
77740
-36988
-27237
39369
55223
32552
-40150
83469
-35382
71889
-6491
-45231
32503
-26496
-50304
86659
46594
-26257
-11139
8786
-92981
-98753
-75889
-84139
2248
10349
53028
-51124
-87844
-47279
-73211
-84517
88019
39809
44467
-69135
-60746
-35937
-63659
98702
86872
-34682
-19936
98118
10058
14828
-8607
-51961
-69178
54392
3617
72413
11046
27305
-61153
-42208
-94309
25059
60994
-29850
97062
-29146
13956
52678
58661
34292
-49399
-37337
84028
-17825
63387
-65214
-7832
-3219
30209
-97054
16705
30252
-77004
-28892
-24751
39446
58686
30088
-77990
-84118
32604
-22297
23433
6534
-3142
-60603
-98391
28215
-66646
-17637
-15588
-6553
39223
13502
18413
86557
56516
8420
-17786
-26962
-6955
-74102
42386
37374
62955
-32355
86175
-63274
-58139
90979
-22216
-62483
-99200
-25553
-37113
-27994
-68055
49125
-25298
-42253
-53321
54668
-79883
-35429
-22391
-23647
94472
65938
-37
1626
-5341
98646
-72179
-95103
55822
78860
56326
74619
93946
65802
73690
-28799
42191
-14015
-60206
-11786
98320
25424
-86765
57381
-74697
-12311
-21943
-84221
-99167
-7106
7487
-7400
-66323
-67839
22538
-33123
19829
88350
-69886
-16756
-45560
61751
-98799
89934
-7888
61306
80928
-98677
-32673
51520
-91275
55197
95680
-76318
21405
3019
52294
-70117
99655
85847
23023
-5849
73674
57567
-27242
77288
-46546
27457
31033
-97796
-89343
-76311
27676
-31818
-33522
-19943
-18970
296
-45507
56408
87851
90561
55169
17201
75732
60090
-44392
10218
-31793
-54275
-37206
-37959
-11330
51593
79798
31725
4897
-71805
-59721
45228
47440
-4477
-5407
30450
-19581
-80555
-98143
40388
-136
-83854
41838
-31868
-5871
69889
-21761
-83744
84933
-14210
-56773
78478
-99801
40646
-8131
-57474
99156
-52049
18014
-34516
29162
45913
88055
28983
15444
-12
23975
18177
48655
97876
11866
-62731
21510
-16431
-41012
-13324
6028
-18741
76534
93215
65331
94192
26487
-73565
29106
-80036
-71651
18930
-42232
-8999
-70942
-16639
-20462
-61416
-13690
78642
90474
16642
55925
67845
48885
95812
62282
28848
-37817
-56515
60071
-17881
9187
47179
16124
26806
45014
-90748
-85967
-38536
60767
-42800
75037
-78668
-92548
78151
-47031
11916
26765
89950
64912
75724
90953
48013
85124
-78807
20321
-1592
55327
85281
14184
-97660
-86951
-478
35135
64129
48465
-87477
81234
14338
-53986
-32042
9869
-20371
17157
-72742
35640
16649
-25530
8663
-80422
96042
-20924
18150
37108
13308
-76152
-3812
33568
19414
28171
-1234
-72933
77326
-96960
83797
-16725
-63456
8695
-45229
12639
-83621
45487
-97614
25392
-72663
-1024
-55976
25383
-85453
-44147
-73684
49126
-11661
17252
88614
-85803
-18135
21111
-40374
-70660
-45206
-22178
-52882
96006
-66416
88554
83325
-39779
98737
81201
-53770
-75877
45270
-21302
-29204
-65499
-24950
16818
52687
52912
52030
-28556
-6140
38245
86139
-81289
-90223
22742
11866
96180
63481
-54940
-75194
-77587
99753
38583
-71432
77660
36990
81251
-70609
65725
-88357
-94836
9670
39276
40472
-51467
-45240
18300
20721
-38283
11666
-54728
90842
58165
19237
-87572
83375
-56123
-45031
45829
14571
9350
32183
-51099
-53936
83274
-25308
-41767
-38797
-5569
-6127
51486
94645
-9460
-49216
24456
-41092
14747
-95088
-5335
-49538
-30172
-94850
-65421
34193
-83563
-24047
74140
-67339
-45799
-54194
56485
184
26794
44784
28828
-26625
5849
-99593
-8123
-67211
-8114
-85986
-9402
-66837
81458
88269
-52603
75786
91145
-13332
25383
72160
83260
-81031
59059
31288
60233
19948
31769
-32203
84571
-89887
77385
-71792
-72849
-10991
-13444
-10393
-16869
-11151
-56849
50687
-3935
-38829
93863
41983
61890
78004
93218
77679
-17559
32276
-78899
-24442
-5200
56914
-77139
-58651
76456
3063
-52762
-81388
39939
4808
-79065
60598
90277
-8724
-19066
6384
39082
67005
57001
-50655
-44887
53024
-71018
-75234
-57475
50324
-28766
-56121
37690
-57887
-34367
66885
-8996
-43565
-7472
-54098
12011
81784
82540
-38260
-53616
-14341
96254
91010
50378
-66174
-27459
21234
44636
-8581
19828
14929
-34571
16334
-85696
66997
82539
-56671
-25436
53628
-41749
71820
47883
-35881
70455
-45790
73158
22344
-56695
-66013
-56868
-12506
-31597
40629
48031
-30656
-70725
58494
59568
46406
28181
355
55720
69643
63098
-37607
39296
1261
-50749
-60002
-47219
3794
-57967
11059
8179
-9304
-18654
-49860
96220
95311
-84735
-74351
39230
33230
2211
10572
-78187
80034
-95577
-55686
8185
-92736
31416
-12737
-34182
-64900
72018
-26647
343
-89099
-9471
66537
-81370
1045
70256
13630
-87125
56612
-57829
333
-87147
75771
-2794
24026
-48114
-20456
-90408
-5860
54339
26119
-84948
-47934
-64760
-92218
-33529
59710
11530
-26715
-36378
-13077
-40619
-28158
-21724
52022
-91055
91176
-47103
-81550
-34315
68488
-38284
12203
-31728
98669
88580
-82928
-77501
24622
-79128
91570
-115
34860
95292
-82570
-36606
-27754
80496
75455
-91832
65266
-67460
-54930
31294
29125
-29653
-85560
-62835
38818
9756
86259
-56369
-43705
52273
23212
74829
46771
80775
6121
18721
-76324
7363
-3552
48618
3153
51692
-35678
-50850
-69617
-73297
19482
-11653
63012
56261
64076
-54435
-71407
4793
73016
34508
2243
-985
-86575
-6374
-14403
-24121
51297
95590
81755
24758
98950
6429
65320
25512
-32461
27756
-40169
62553
-26757
-97028
-152
-65855
88124
12373
-64398
-20406
52722
-71965
51394
66073
14595
-62432
-84771
39684
-29338
32205
-78509
68763
-14665
23072
52141
39137
52724
-26188
-56474
-84740
94581
-98664
-12064
-49698
38510
-99720
73291
-60860
-41358
38555
76825
64091
-97556
-24189
-66739
-49896
88848
-76426
-68586
-32781
24134
-68250
-29571
-43413
-23895
-96525
-28824
94072
-13408
-15142
-68647
-28825
-62112
-52840
-70999
63014
41663
50354
-86144
-20437
-84892
-83612
97705
63441
-45598
40425
-36673
88553
-31076
65548
86143
90858
-93010
-69224
68481
20855
89823
12163
41423
-94898
40621
96096
94872
-24328
-29667
22295
74455
-69887
34598
-78478
26934
96392
55998
34406
29353
39792
-74851
-69135
-75892
-66132
-46315
3085
-12255
90755
67541
-53731
19649
16257
-71407
-21407
-44578
7339
38193
41417
81086
50880
-54478
86999
-94614
98398
83285
66604
-92142
-92003
31236
38552
33904
59344
8220
-91172
98658
-94530
49761
21827
-11327
-89527
32258
55413
99414
-60602
-50956
6428
80692
47724
-28413
-87818
-65151
96420
33257
58562
31253
-90291
24154
97671
65437
-32320
30123
-44903
35279
-64640
56840
9591
-36161
65937
87970
-79554
-34674
63976
55002
-509
3827
63348
42219
22560
69538
42802
7805
47612
-67370
3307
-36240
49096
-94415
-69703
89840
82221
57702
25376
54194
90205
-41324
-28932
-40451
-10483
-41235
-79697
-8034
88370
78499
50264
58467
-2253
47720
20727
96392
41869
7398
-39226
79547
-26522
-33491
-88881
-68496
-44034
-41024
74129
-26524
14389
60676
-90626
-19289
-67109
66216
101
-46762
-59869
-5017
61998
-65392
80199
-74230
-95718
-8113
-62870
31379
-58354
42203
43936
-41216
-59251
22285
27898
53311
51614
61897
-38152
-20608
-447
46064
79665
92283
11968
-53494
-93407
-67066
-29953
50153
99341
45317
-79532
36783
26201
-73404
-3670
-23161
-70955
34810
-60496
-97685
9168
36710
-30144
-8025
-46358
-23184
87609
-15803
84423
4275
-76120
-74635
53795
12243
50957
-80593
11741
-55317
-40647
58716
-38051
5408
45097
-78720
-57416
85817
4881
15731
30529
32977
-89691
-84537
-95380
48852
-66546
-13810
-27200
-60697
-35237
19910
84089
-45164
94759
-45713
-63967
32967
-53184
-27484
19453
5966
-69968
63574
11366
-66992
-89648
65880
-60609
70162
44958
-37498
83109
-51810
19283
43617
-72638
27147
-49575
-46185
-76473
-35499
24693
74700
-69205
-99801
99494
17844
85048
86407
-98789
-91567
69764
-71786
14345
-69787
-98271
-5106
25949
72422
63844
-84298
2666
-4037
-9740
38596
66969
7145
55642
-69665
-51592
29501
-84541
-8154
-79912
-63453
-87335
76328
-98379
-46830
18595
53161
-45548
-6478
39155
45144
-43328
-46836
-46003
-62770
-41899
-2609
-66052
-11381
49384
-42754
38318
-69008
17770
-95769
15879
-1573
-4702
14557
98415
-50333
916
14569
-7331
-47491
-98033
-58382
93497
-58500
-93175
15355
20775
-75327
19371
37399
46866
83685
92192
-18169
91270
-58206
89796
-74367
-19303
-90461
89624
-8607
50212
96708
80106
70187
-1029
76944
52825
-37856
27735
-89701
-23138
-91913
8214
-98512
22442
98946
-80521
-74523
-93833
74763
-37550
23744
-70588
-79133
-21265
97737
-63702
-68567
-85153
-90186
-2116
81868
27963
-74421
-18824
-79884
18117
-92974
-37453
-62860
35516
-92236
-82979
84588
-7758
-51046
54109
69841
3329
-28088
-95953
89377
20605
-76843
-64502
14322
-6091
83600
-77979
-16996
19439
-4362
-88518
-45128
-55586
-16038
46906
18330
96631
-97869
68972
52292
-32724
77438
-10503
-4150
-93484
50088
14078
91846
93894
22093
28136
-30041
42111
97933
-47935
-19290
97192
-73128
56423
-20361
62125
30733
-37584
13982
57391
3181
30392
463
36793
-92745
-43295
-90637
55891
-37938
-69921
-35898
-11583
-38989
-14898
-6983
64061
-88722
-86409
-91031
-72929
-50884
-65176
-28484
-51307
-59153
30839
-1455
29047
-93191
1254
95645
-75786
22113
30751
77890
98435
91936
95237
-85114
88631
44948
-6968
-81122
-61670
-52646
-42305
-47244
73036
48975
-77544
-33416
-84677
49340
-94916
60863
-42294
60701
82198
22657
64403
-11792
64656
-27688
-94119
74169
-16002
7899
-39438
23154
-88464
-19991
-74886
39711
3268
23332
-49189
18718
-51681
64753
-49835
-39515
-73153
6439
-80441
85421
66540
15722
-99900
73607
23661
-49703
-38323
12445
38853
99228
-82966
-50807
35905
63112
39024
95866
-5677
89004
69826
-32031
-62621
-42684
43502
-17035
-29292
72274
-4468
-55837
-64539
34088
44105
43876
-84529
-788
40475
86554
53112
-73259
-33237
-15105
-56854
-44458
90079
31757
-8989
57502
56997
-33537
-99813
13990
-903
14406
-90740
37289
-57476
35658
91075
105
-64307
27817
-76936
-56181
58503
27749
-27860
-59834
64746
-59598
37182
62997
-43695
-2925
27529
93914
9574
-86673
92206
-39954
20202
38321
9977
65299
66844
48196
33206
50957
74500
-17462
-26081
-83970
-44492
-67653
-23441
-49326
57056
-29637
87653
-36458
64357
84137
3882
-72441
69981
24209
15741
-29420
74224
4366
-2881
-8716
12912
-69991
-96092
30352
-97709
-83720
-91266
47662
22139
93130
-12207
-37993
40361
-66919
75381
-58034
-49868
-17642
6783
-32412
-44177
95887
-15288
-81961
-57350
78384
-670
41946
93647
91256
-39522
94247
82309
-355
13425
-96878
-87267
-62031
-69923
-94679
-98099
-73233
-68950
37430
71242
-87883
66083
-24148
-80482
-18
-58449
-92060
-56065
-32621
15277
933
-32046
55185
61327
28598
13787
-17778
15163
-75409
-98688
-12906
98542
31563
-65194
33670
-48906
3227
-76475
-38627
93696
14795
-85686
-35022
-90613
-70350
-57617
-62799
40591
11368
-69243
-84687
-14300
39035
77073
39290
-87703
65311
-27319
56150
95423
-22641
74615
32466
-54805
-47795
37186
8370
-22497
54608
-4003
65539
24747
-25710
-31538
6217
-94552
-64038
-48962
-49673
-93279
94764
-37991
-87990
-85376
-45275
61750
-41400
19083
-97621
15537
73829
5226
-24927
65797
22877
71671
94022
-315
-57931
46008
-92502
90067
44615
-69743
50588
75936
97355
-45322
-7912
-55821
-67409
97191
88400
-36240
68378
-616
51632
29560
-29690
-72106
-50128
-88707
-6079
-12486
-76645
83587
47608
89780
-57451
-73501
-84849
-16194
48706
78692
-63702
-5280
59644
38920
-75065
-30588
-15194
-6537
-64317
48256
-16821
88276
46676
76683
26222
-22747
-37441
12308
19973
-42264
-88153
16401
-34519
-80504
2125
46112
-45781
-27344
-14871
84799
25721
14913
-40311
-20172
-40383
71749
-5141
-41084
83880
19360
37876
30182
82596
37111
38400
-66038
88809
56898
-62545
-37720
-8517
36034
-63801
-97428
81350
37949
67667
40622
14710
80933
69117
65668
-79142
-1272
47146
-41514
93586
-77476
-62315
696
28323
-4512
542
99743
-90894
37981
-75126
35227
19204
-31593
90694
48953
-85688
-86869
-45280
-24119
-27237
-92212
63638
-46145
92253
-97627
-14355
66482
54754
97176
65267
37421
-5917
13005
97485
-13097
65972
71248
16776
24623
-80798
99146
2031
-4543
28128
97743
63756
21415
4553
-3701
86128
-40482
-34490
64128
58747
-7702
51684
-77061
68429
-27983
74713
-59504
-79470
18951
-38558
-17791
52332
-70713
-31060
18464
-62698
-43945
-85163
76595
-18455
-74554
-72538
40511
-10094
9691
61929
24531
73167
-81937
-72762
-21622
25416
-73638
71731
66790
-75375
66810
-27610
50202
-85834
17279
-29994
38959
-51824
85813
83190
22082
-77907
75341
97533
-75903
54910
-42625
46548
-56407
-3993
9387
-95273
-72052
94761
-78668
-56325
-810
18960
-92452
-93459
33570
-71655
51363
-35590
62500
57650
-50995
-32196
73663
-2087
95127
12984
-44270
-67116
-67326
58689
-92426
1831
-23253
-33135
-22531
14696
72235
-12859
-82873
28464
77887
43490
-50925
98860
-81667
-76648
45670
14136
35860
-9974
74279
85110
-56695
493
93586
55171
-11190
85925
-14392
68789
-12211
-57497
12206
17816
94681
59026
24566
-67806
-59901
-13655
-79535
50786
-27705
49112
-14819
-32538
50382
98341
89062
36513
11989
34478
-77294
-80937
-8216
-22596
-24642
82720
3381
23307
81964
7122
-28480
1436
-20964
-78026
-15748
-37470
58886
64841
-3074
70179
61000
45034
-6160
-51272
-17747
58510
893
-27826
19136
-72260
-12342
-6001
81320
-49413
-97924
-19403
61968
-28294
50332
-95074
52548
20288
-65004
-81409
-2649
77823
-31158
-49345
-85731
21063
-18565
-2834
-77214
-72157
79543
-70235
-57558
-78901
44087
-11094
-57378
-74813
70622
-15558
22010
-82106
91842
61518
-38496
98235
-29623
56292
-18821
-237
55266
-22238
-48317
-41300
28397
-76960
-3229
56002
38768
14496
-51309
33688
85623
60108
58435
47157
73304
61024
47560
-47895
41014
-37884
20889
37199
33544
-2385
-39107
-59331
-81580
44554
2090
-66892
99046
-1628
90666
-45550
3458
53745
-24028
71191
-72959
14756
-82234
-22099
-55044
-88063
56168
84830
97917
82985
-9744
-6726
63758
-45135
63384
-19743
-56774
30992
-18029
-53375
-12597
-45403
96028
-63881
19756
57111
-62260
31050
-14385
-3033
-23164
11737
45113
36810
-94603
97599
13067
49725
-12809
-99030
-22501
59361
72579
73040
72223
-76077
-59901
-94177
28115
-63426
-93772
-56897
-65694
-51974
-65733
87483
42857
29987
204
24775
-89194
10003
79054
17248
4618
-17690
-73807
96186
63801
-24156
63397
78608
90237
-46210
88573
38343
-29418
84876
-24558
79814
16718
-62123
9076
-43361
-21898
38381
21264
-6443
94002
-76108
-69459
31441
34922
-87085
-29140
-66716
99105
-88487
52105
19670
-67888
97971
62213
-56429
20510
91043
-74583
-5197
89839
69682
91394
-97318
9679
11040
30968
1962
4221
73550
-33922
-81804
55704
21246
-38548
36662
-24551
36475
8766
62662
-21741
-64292
67938
61090
-4971
-80876
-14155
39222
16988
-85179
32320
20462
81079
-21642
-91515
-49980
-20198
62143
-87240
-25805
-84490
-20313
-67594
-77350
-46563
93447
16478
-46514
30660
82488
57299
-97844
29153
-41444
-42931
82864
30224
34487
-29316
29068
-82249
88332
22916
-81962
84844
-60992
-25038
1155
-11412
-72000
96072
-90211
-48479
-22242
-38810
87744
22693
-52464
-66462
-31632
-82345
42233
41624
-11192
-40077
47678
14124
76492
-70169
96694
-53752
46800
21328
-11133
-15312
92446
40985
69269
56093
19526
-38689
91000
-58017
-787
-72984
14869
-77851
62428
58525
60993
-64061
-80727
30131
56597
-30764
-13390
-15775
-15019
-3396
-78169
-34157
84354
57294
46659
22630
75202
80764
3747
-50505
-55243
-76720
63749
-4896
92370
37426
56381
-6575
-86763
5403
-61843
-54889
-36086
46172
19793
-27173
-79443
-8991
-96180
11985
-77174
-72650
32075
89894
13756
74447
98315
-13059
61796
954
-42483
-26045
27425
-10837
61768
86148
-52704
-39286
-41147
77307
32562
-51749
-58742
-19043
70489
25503
-18124
-56213
23091
56304
-90570
-6707
-32768
-40811
-62269
-72283
8624
31829
-73028
40887
10943
12100
469
-97883
-69902
88870
28448
62977
30345
41831
85386
60596
40712
-2311
69549
-22536
-22397
63922
-71117
25640
65669
29267
-90601
-95700
57657
99545
-83528
69647
-47751
888
-80148
-75415
46539
56624
63382
-89018
76366
63532
58688
-10371
9576
70514
-25766
-95794
-26384
-27371
12110
22749
-76249
-6045
31832
-15383
-8136
-36821
71807
-8480
28684
81592
-12597
-36804
-73706
54736
-19307
-72404
-84306
16028
32667
74501
-66150
-83394
27735
95002
29031
73535
74148
-28472
-23406
11490
-95050
21375
-79427
26115
-70954
-27725
-44006
-32961
64094
47955
25735
-54297
-15550
-9775
23534
48793
-70363
-11144
-55161
-44089
54501
23564
-47463
84099
-10888
-62419
77566
66639
73373
-78615
-55935
-46354
80346
-35270
-62343
-92762
-92861
-80711
-29715
13659
-96631
-12159
-32050
-13024
28926
90210
-68908
22619
83204
-78148
22677
94909
21821
-16137
-26884
-59493
19879
-6821
70652
5845
-43152
-18905
41553
-73336
37380
40424
33228
9185
85790
29757
49840
-19914
-61543
-23118
-94560
51783
25806
-88606
-60314
38547
39795
-61109
65130
-19691
-12870
-20436
-68130
73375
-10581
87036
-10565
25172
-1907
-43958
66502
67131
-60561
-8535
50401
34092
-75288
40952
21293
19790
67803
-55762
47012
95853
-12612
-10030
8276
51737
74741
-13254
-16902
19378
-50114
65605
-69775
47388
-10982
13566
33374
11654
82755
2363
36581
84721
-12617
-43160
77660
47439
28648
3739
-20581
-87099
52722
-13415
-16604
-73146
-38703
-11171
-96377
-24703
80274
37122
97913
87254
3374
22276
97311
35219
91494
36485
70928
59192
-31049
30674
76288
96707
22406
72041
-22251
31763
-63287
-47817
-5459
-69257
66368
-89668
66355
46180
97271
-70344
97531
75016
91983
-32380
6027
57213
-64526
42698
-26573
-15849
-86630
-13350
-78996
38488
45046
-14827
95301
44339
-18303
-34514
70018
90134
-41365
96079
-57659
-31096
-88476
61622
81980
69407
91204
-2535
63039
-61828
-15591
-2221
-6284
-57029
9046
-95311
-47005
99523
87354
-10654
12744
-81273
-48193
-62843
-8874
31778
74891
-78944
-89114
-14905
-10752
-477
-31117
11830
37654
74385
-7618
-18795
-43468
73581
63910
-96802
68099
-15018
40097
84734
-28596
41043
-234
18533
-12147
45113
-914
-3415
-96029
-76799
-26484
38865
9293
-76591
74949
6296
30024
-85856
18946
-65415
63713
-66835
33278
91265
-90934
-80167
73985
57205
1384
89527
-93524
26122
-38382
-36408
9789
-89441
-46845
42493
9909
-25269
-79753
-51554
63225
-15608
68646
44492
33180
52848
-88198
6269
40363
32074
-35660
61022
-67614
14329
-92153
50543
-12718
56903
70448
-53092
-53309
-87353
6286
35001
-31232
81430
-22506
-17334
42754
71041
-41424
32141
95332
-93628
77396
31978
-46599
21932
13536
14918
-78379
24107
28003
49648
-96847
66815
90769
-49695
-82253
39511
-79723
-12073
16740
-20823
71528
-99391
-61180
16375
-10195
-2654
55937
88310
-23916
49595
59368
61633
-10504
87416
-55887
-75212
-49234
-19530
-88368
-83163
27620
-42635
-7664
30727
-77529
24360
25294
-58140
-94388
-65703
10656
-80131
77406
96070
37333
81083
61558
-12066
-33571
-93962
-69140
60893
16064
41847
-9163
59477
-85382
83465
-75823
53080
-28752
-50007
70819
84202
-85762
66675
-43807
-21421
71619
-63637
-15418
67641
97927
43443
-43237
67839
-60807
-33515
26066
70960
-99273
-88200
-15510
-12144
81373
8377
65174
-64530
26432
49059
-21559
-12429
-32939
51337
87569
93673
-60265
7186
-4974
-54656
22483
5369
76695
-33830
9287
78613
77181
-30062
-33194
43165
-98167
-59217
63642
-42769
-17472
-46
-86993
-23651
90157
-28766
3321
21802
40334
-31433
66362
-61403
-99313
-51408
88968
47480
70861
59673
3975
86874
22577
59544
83471
8968
-84091
-18832
-14050
-717
28877
-25425
-14488
69764
92929
8092
-40086
-29755
617
99926
17247
51222
-72147
22853
2277
-74714
-92411
37150
-36799
62943
2692
58255
-97749
60308
-53514
-61095
-36695
35061
-8726
-75508
-23283
46517
-19832
29964
52947
-69195
-17278
27725
77757
89055
70871
-75339
32555
11885
-80189
-25061
15063
-42793
-66620
52475
-40014
83880
98319
8627
-44877
-49505
50900
-45187
95922
23396
-67732
-14112
-98539
-17413
-17732
-19163
20031
88195
83817
30711
91202
90524
41094
-62880
43451
-18474
-90364
12756
-47018
-44276
75350
-59175
-3248
-2993
23063
26111
-99068
-95109
-5613
87263
-37301
26537
-11071
-73390
-43942
-31857
20426
29718
-62950
92137
-8014
-46183
-3066
87038
-74443
58269
-9730
-42833
-37242
-91139
97094
-86902
36486
-17225
50831
26417
-80382
-57521
-38276
-11433
-40870
39027
-66705
-31448
-94147
-61435
62600
51393
91769
-4559
13158
-64324
-42488
91209
-3949
-23188
9817
-36022
-8248
-91405
52998
75165
87669
91286
67591
-91140
27128
-13075
53994
-4237
-91602
-44582
-68322
32538
-49346
-7533
-87967
-75609
-9555
-37985
36831
-57488
-779
38006
-83853
44782
44854
-32998
-7618
69982
-21462
66436
25965
91329
-37377
48867
85504
-7937
-51437
36096
-17565
-18493
34039
87684
-62144
89571
77073
-78742
-61724
89957
41287
43684
13547
-56982
-40477
40040
42524
-53615
-88606
92131
83799
-79729
-15272
-61604
-25420
-81933
83192
73206
-67872
23084
-59993
-32541
40800
14014
-29540
28589
-53055
27029
-61609
-35819
1879
77148
86406
42217
-91169
-60677
20996
8994
86848
-50556
-39114
-17405
-85003
-66999
-98490
-30407
9717
7981
-71593
-7877
-18872
95970
22061
-93937
67436
7857
-26682
51550
30392
40562
83179
4483
4734
-72970
-3519
54874
13533
-370
30878
-54485
-94982
79008
-29607
-40377
21818
-27440
-21757
-40882
29586
-6525
94786
98535
66709
-73756
15897
53046
21751
-17709
86432
-77883
20624
4593
18411
33925
10475
-54317
46268
-26947
-28698
-93777
53688
-80126
70629
-52513
-56265
2766
70319
-9176
-77359
-34469
96387
26943
-45784
-98186
-1076
78591
33309
72193
-7478
17989
70663
-95634
-79281
-66060
3136
-39532
-27153
-39889
-51997
-55839
34261
-2688
39973
21877
75811
-33383
-39799
8892
58112
-62886
23699
87476
-53129
-37654
77978
-47535
46131
-96000
-38687
-11021
53558
62230
89839
56325
-42813
12079
92361
37633
84022
4472
-11711
61221
-21614
-32524
7467
63764
9784
-94591
3291
88009
-73599
58353
-27607
90361
-12924
-39526
44774
70482
-21201
356
65472
75558
37280
-13561
-86632
-91494
-52715
86839
96943
-15688
-60757
97844
84275
-25381
-79714
-45671
-37542
-89403
-2805
-80675
-57152
-25983
-55410
51530
-52450
47809
10550
-90501
-40539
34221
-40131
22276
-89434
-53702
-90877
-85618
33900
10470
-89637
-84632
-22711
47169
47993
-16250
62638
39283
75275
81215
55723
-30009
87635
98175
-7756
-99176
-48154
-75401
29222
37168
-11062
-9558
57909
12231
37777
11153
-54077
67871
-10418
-28302
24215
36973
83317
34047
-38818
-6224
6808
-37535
-67493
-75082
39190
76636
37500
-95138
-4317
6079
45937
-48038
-35482
43994
-27275
84490
48849
47909
50853
-30124
-47197
94369
-45627
-37992
-38704
6393
83469
-41161
6236
-85150
6667
78633
95187
-67925
-97407
35320
60330
-94203
5718
25790
47024
86404
9739
-27242
51517
-58873
5761
-73531
-42986
-63721
3398
-64546
-2057
10711
-62469
-46633
-82261
71072
49006
-44269
2607
-19001
37692
32350
-28814
-50279
90647
88525
74503
45058
-58268
-19042
80732
-76841
17544
64521
25596
49161
-39892
4928
-21215
99083
41071
-20000
-96509
-47501
80243
-70715
62676
10896
-1895
25481
-83552
-56940
-27245
-16445
-78192
-52464
73619
-47508
68933
-37707
4333
-61574
-76293
-2010
55776
19899
-32758
49123
-92207
-31591
23129
-58493
37537
34277
-22326
-65252
-15278
-75822
53913
7550
7165
7856
-88908
-12051
64353
31128
-86994
-38160
-33639
-88244
75758
95476
72799
-31453
-367
-37742
-94963
-26362
95444
-93960
3523
-31318
-45290
-71615
-60220
-17867
150
-16674
-63704
45071
75433
-90794
80434
64927
-11398
-58979
-65611
79326
63788
71007
-55358
19332
-23959
-7196
27302
-4438
-69247
-3657
77273
-45371
-7916
46037
-13621
96710
-99017
-61938
-12706
27267
67756
10011
97355
4382
55206
-59018
-13344
-81536
-23049
56971
-7782
81761
-97441
-67112
87544
-57111
58544
-16318
30554
81556
94162
-33319
-79103
-81797
10413
-51322
90572
-18063
-58478
31936
46130
-54900
57641
-77676
3052
71176
64652
-1613
-79311
-19901
94013
58754
74617
10636
60739
-7779
-76415
-31033
97818
-65357
12171
-35487
88384
13167
-95917
81577
-16468
60901
-69431
4279
67656
-80392
-50711
-20236
-36805
45871
-83950
11737
-43925
-68758
57739
62751
99610
61246
-45795
-98189
-24748
5810
56909
77576
28268
86017
48574
-68710
79119
45576
-13083
37599
-30295
-26873
98440
33371
17624
-40659
68179
50625
-44621
-26406
47449
7518
35603
-81286
22183
36758
-26586
42084
-1517
-44016
-84246
69796
-87659
-95944
44163
66606
96017
81908
78081
75157
-39963
-41936
60191
90833
64288
-18135
4311
99788
85547
-18198
-46055
-4204
-89690
21245
-39900
66791
73147
59855
-46338
5486
30222
-18829
42673
-93905
-14102
-77688
-83122
-72551
-29549
-87579
-35561
-62010
-9359
48396
73780
35518
96288
-45837
88382
-18510
-19691
-67757
13505
-22601
-44976
10239
6135
34184
80162
-23965
-62712
29290
-28950
-96615
-23077
-37364
-75779
62328
16511
46193
-34196
79276
-61801
86796
49353
52668
-92954
32197
-64326
41762
-74218
-60349
90798
-5570
-98541
44938
68348
-98484
4397
96121
51066
95309
82468
73709
-51567
89139
-88267
-6329
-89919
27150
-74229
-50977
64179
8648
-12930
-12800
-95857
-51131
-38629
-34546
55992
-33123
65823
71777
-75345
-7378
-93815
-56131
15248
47501
55478
91511
32809
-16899
37558
-85268
36178
-12268
78003
-71611
27286
99729
-68757
-81914
-6442
-83847
43294
-70481
-4601
-13600
-66564
-69934
33306
-89596
-32873
-1640
-57047
-27137
-79963
14350
21826
-14810
-36438
-63093
44502
-59628
48310
85099
-29676
79587
-55100
42126
29301
29093
-6595
36080
-83237
25154
32312
38974
-39397
-75510
-67770
36994
16708
18058
-66475
46861
15765
-67298
64696
82338
-27476
-74791
-68058
61989
18978
-57961
74665
1982
76810
94628
86120
39752
-7095
-31617
-56712
90923
-79786
72185
21492
-18554
-215
-47460
49278
98740
-47764
-91653
12295
34289
-12081
-2112
69167
-69009
-64179
-10829
-32050
-56332
40818
-4538
27410
-10814
74244
-64133
14712
-39919
-18815
-78971
-99782
7810
-16357
52688
-13268
95634
-85585
87287
-95810
27700
88051
-80281
-89064
-2917
-36389
37715
64345
-31721
-92043
-1420
15966
4080
11401
-74845
-16908
-85163
55590
30362
-3396
45713
41384
-61711
-69612
-60824
55017
9721
97486
-8654
-52325
1472
-43038
77219
-28302
-69445
25243
-94571
-72815
-94936
-60484
-83046
965
-14659
-85132
-11649
14988
-93144
-83770
-47671
32714
-7776
-76851
67611
-90087
-89087
-25027
30312
-52893
-860
66379
31404
72149
39905
-52255
90127
37300
84168
61896
-28285
-57470
-61073
-63475
-74811
940
30331
94733
83610
24485
-49072
-91633
-75872
-19600
67371
46202
-83898
50320
68569
55537
22879
-50697
-93429
-60901
-38442
49022
-77973
-26286
33701
-97544
58388
75851
-36707
-21254
-28523
86194
95228
45062
-99828
84407
67823
20140
-7534
71929
-64656
-48366
59343
-62447
15666
-11898
-20171
41612
94025
30704
84724
-44917
-375
-89844
74398
9348
-31210
2006
68106
64209
43513
-78317
2245
-46651
79585
13211
18167
89385
-64346
69235
20035
-22123
20888
-67863
85683
60982
42734
-97976
54176
22346
-65292
-6277
-89948
-84882
-5843
-5441
39997
-79314
-68432
56106
-45818
-13454
70730
86618
31377
-21780
14911
-30811
-24294
17882
-36127
-46256
-27743
73152
-54805
54046
49500
-96399
49127
66949
-60643
27436
-84761
-512
70580
56702
-77883
50952
-98204
58144
76961
-55262
-41665
76243
-91289
-80323
53207
30337
89048
-69943
-80553
5457
83020
-22231
50470
-6599
-3150
-57142
66842
87754
-51966
-10835
16442
93111
-50087
4087
54667
-83866
11423
-55470
56172
-40576
34321
-30352
26165
3424
89467
85115
75189
-4109
17351
23109
-54885
-40079
11174
-8601
66283
-14211
74988
-60628
-36748
-49121
-7946
69661
-19743
50905
859
-92829
-85008
-56461
-22656
4346
-63834
-31879
-91747
-40940
-40650
37443
61594
-13692
-70886
66793
-90699
76252
-57451
-96105
80348
-91043
7963
-17782
-57283
48107
34550
-25237
36362
-7049
-88306
50010
75944
66211
-50318
-95347
85361
-18366
-1296
72556
-92348
25990
-74793
94571
95702
60440
22365
-77907
-13154
-42745
95153
-36854
-73482
-27083
-85300
45930
-98960
57542
-38305
-4685
-12942
-62336
25789
63122
-51937
-49305
76613
-49113
50249
-56023
-2653
-27497
47274
39571
92694
75432
49751
15616
89353
-48783
68159
-19742
-23736
-49887
-15353
41950
-26027
-5198
-22630
-98156
26935
-29612
79586
75957
12187
-97365
-32322
3540
83277
15170
-4072
-73826
3018
54395
-26423
74993
-55306
60261
3301
-89436
35129
82963
83972
38825
41456
-46671
87246
7357
62946
6728
11754
-33213
-48189
-27386
24548
-46111
-95938
-19726
53448
-2430
81212
62053
-83772
-5104
95397
-63728
37122
44978
-25558
96835
-42019
-20015
75151
51602
-54018
-37669
-30580
79002
-76245
24720
-82953
4181
39155
94980
-76979
98288
31061
55823
-10811
-24792
-92801
-22207
-91531
-37338
-17120
-24820
-40915
-31023
64455
25659
36843
-12103
31390
23873
72926
-80345
-75305
-38868
13242
-98096
39796
-40662
-75821
68767
-23623
13494
-98581
-53917
9943
14220
80633
5070
-40833
63725
-15768
-14154
-44556
2749
-60217
-5226
35395
-4253
10005
-21932
-27444
190
-52539
81627
-58756
63260
-85478
-70499
49447
-85800
-57484
-83023
-52330
76675
-18011
81491
-35887
86662
37660
-3371
-54478
65199
54536
-95348
52698
93294
-2507
-49590
89259
36334
33048
95169
63256
28084
-98391
-94127
-59541
-88822
85949
-19526
52847
-81689
50935
-10248
-10630
-24809
71825
-98078
85498
10584
-84988
56058
24375
-82216
-23009
88393
-36593
-80316
77932
37275
96851
64236
42311
-34310
-72073
51600
91315
-44892
-7654
68096
61690
63128
-40267
-54522
-97830
-58597
35748
-13288
-34497
10725
74654
50263
-85577
79066
-86636
-89484
-41279
55746
-64329
23151
87222
-42851
86832
-88406
70649
26459
-75570
-46624
-58221
2529
-71535
13810
-35385
28456
-69077
-66690
-22152
13615
42914
-37555
79230
63051
81557
-8679
36745
22027
89326
88503
-57853
-79756
18770
30947
52566
-81480
38841
36937
-92377
20488
-16506
20464
84389
67433
-38138
-43424
69809
-78151
66375
-29067
-3278
57524
98943
-88355
-64981
-77610
87988
-52377
-67939
87598
-12527
58026
-53932
-24655
-5802
-84856
99473
97642
-9914
-93289
-65099
-57558
27495
-4142
27526
52955
88272
64394
-67895
-626
42245
97690
10877
27428
-15539
-6319
12899
99437
5922
8330
24279
4126
99761
76730
-16519
32239
45218
81773
-91449
-8762
57747
76519
-83563
71030
-36570
-82773
-75446
-25129
-81367
-18114
-45354
82482
-75002
45585
6402
-13257
-34000
3657
-70995
1052
-71605
85498
-66116
-46365
98300
-70377
17305
-32230
48555
-67141
-87152
29702
-80730
11871
91402
-60441
-91992
72846
76614
-62908
-61409
1771
135
-11028
51078
-82374
-35369
15237
65472
94474
-40424
-23036
65216
-56315
-72839
28175
83319
-63760
-775
85018
-45346
-13464
76241
-53368
-85033
-81914
-76109
16361
24119
71142
-89725
-97525
31179
-55403
6349
-93131
62861
74843
29291
-21256
-13007
-37135
14184
52327
-80019
-88163
-65922
2794
12702
-33766
94859
-2573
-43924
-91414
-12800
20256
90846
-88105
11066
20763
34037
-55409
-82363
69521
84159
-78750
98779
3784
35687
55984
-30188
38814
-23708
78742
-69592
-78276
11106
32181
47200
-76707
-81681
-70729
83694
-74311
29832
44333
80205
-41783
72345
-97459
20079
-79214
70188
-41710
51430
-21207
-30049
-28717
17669
-9041
-38937
-61382
-38402
57806
-73110
-64304
-96252
42269
34865
22696
4212
-76264
-24217
39768
52705
59383
-52189
3942
-38976
-69057
90627
-67879
-9976
20232
82207
60789
9751
65052
27071
-70431
19679
28513
8450
21804
68072
-35295
-44393
63269
-61442
70794
-83642
-52422
14271
-89265
85245
44963
-67362
32346
74110
-41090
73739
93174
-58988
-21755
79938
49959
-21185
41744
-13940
66599
49651
-2658
-67957
-69042
-45151
-41390
6033
25615
-41842
21504
30989
26029
-74099
-95779
-68332
-51574
-17714
6697
-64573
-87616
-59689
-25973
30170
41273
-1844
-20456
-75832
-57432
-63596
97115
67485
-4477
-57284
-30064
87162
89633
-10808
-75011
13687
29423
-25343
-65605
46457
56552
-92103
5972
89961
-96062
-77994
8957
6268
30186
-13778
45894
83763
-21727
-17779
88561
23547
-67938
-83632
-78370
-33634
97057
-9627
-80966
-53503
-29334
88974
48525
-33974
-10988
55323
-76252
98603
88202
62093
-55407
29274
25278
3204
21927
-40621
-9228
-52439
-93011
41818
95264
-17381
-97495
-2565
-26615
-69131
24243
59902
-43515
-40515
28295
34824
-11780
-10589
-91804
-39334
-33775
-63793
-70887
58210
-15115
89485
-28073
19445
-75986
-45474
-41167
78300
89602
-936
-41982
6691
-41447
8510
49035
34906
46336
66751
-23032
27468
-49434
63181
10799
-36265
10856
-10119
-56586
47051
58774
-44430
-48035
50235
-52046
87900
-51666
-29371
91785
-50097
57191
78363
-59031
-43800
815
-28848
1651
-68215
84155
17133
84954
92553
-56313
65479
88260
-58989
-50865
15516
-79137
-26408
91529
61309
-46132
98761
18910
48083
98938
-17763
-95748
-23068
1539
15652
-44156
-78639
-62511
38364
70452
-40806
-16219
48958
-61098
-776
-55262
17340
-89331
-97900
-99414
-61561
-59646
36785
-28772
-74754
-87032
-94517
-2877
-28376
-33803
84159
73495
-69396
94246
-92630
5871
63667
-16567
24004
44295
90556
58604
-29220
12991
79451
54609
-29512
-35273
-91982
-15352
-89937
-2587
26730
-64863
-72265
42575
54709
49480
-12220
10091
47724
-74873
96588
93403
-40789
-84802
99193
-40428
-36802
-57688
86382
-2909
-93132
-48157
54461
67169
-13222
-73898
-57223
-44145
55239
-89693
51980
47304
-96308
92301
-88562
98916
-66505
-74525
64878
43296
-16517
-62077
10434
95983
68744
-7879
-45354
89519
-81148
-81614
-76920
68962
-28416
-79957
19852
21991
16513
38683
-41373
200
23893
43595
5202
-27268
-78193
-79941
-12222
53971
52619
-72329
8893
18281
12854
61593
60476
-52615
-31632
-67586
-78958
97914
39049
96515
-74268
67271
85096
-79878
20357
-22040
-52080
7245
45904
7987
84415
13987
31897
29831
-21602
-41308
-4903
36976
22066
-89737
9508
85714
44148
91686
65341
56385
69335
-37486
-2750
24968
-73413
-78754
-45817
71695
-32789
76392
73383
4096
-56978
35647
-25168
-43495
49913
10391
11312
95667
27185
80643
-22851
84648
57852
73514
83149
-90987
-26873
-75915
-65992
-63351
-85128
17457
-37553
-89800
50612
-1709
88936
90002
71435
-17709
-87300
3633
-76224
95710
-35189
-63188
-63448
-51717
-1616
-91819
28851
34151
75983
-15193
-29452
-38476
-65321
-62261
-63103
-61633
-72459
51701
-53089
23176
-64408
54351
17725
-24836
-48145
29503
-76345
-35682
61579
93190
-2712
-63110
83354
14082
-75240
49000
78321
-84062
-81407
-1033
40756
-93206
10536
-1844
87281
-70010
-40561
-33947
-76411
-22884
-76124
6484
7720
98267
7474
19686
-59699
-96635
-70759
60655
82362
93454
-39902
67626
43010
-74412
44311
-13242
71345
-33761
53114
-83586
-93944
-87228
58679
-18285
1384
-2273
-3925
-76677
-38844
92734
95279
33592
55364
71981
71350
63094
22106
-58429
-4256
-59080
-56798
-11150
-37882
15578
-25621
-90859
6199
12066
59304
85028
42645
-15941
82560
98144
-47959
-16662
-47862
64777
-61146
9983
35671
-85993
-76932
-69706
44748
55241
20741
37976
66087
-61659
1064
26232
-33351
47566
44615
1591
54288
17746
1842
-32885
-62541
63666
-23924
62328
-20967
32026
-81391
-27987
21124
-35520
-81658
-11905
-40399
59360
-61529
-36184
50959
53890
-2704
-24322
42782
89249
-94634
14687
-36268
81549
32318
-16894
-99198
-62373
47143
-16491
-44269
58956
-37121
21421
-27644
12155
-41891
-63388
13593
93527
-85773
97970
-28878
-75798
1594
3784
6425
4022
-22838
85985
-99356
-23013
9313
-89754
20198
-60689
-37300
27285
-48069
62829
-14410
-92878
91350
58077
36254
38942
65943
45633
55108
-56188
13592
10305
22991
-49155
34415
60449
34380
-87438
-43039
74523
84215
93225
11839
58032
826
32112
-37182
-64489
9769
24132
99172
32365
64675
-98442
75134
66603
30281
-98146
-44755
-81388
68149
-42678
51478
-29456
-93419
-89108
21683
20925
-17683
-442
79333
-44048
-86107
-93750
49782
-20688
62273
-43953
-45591
20998
-96763
-26144
25057
-83336
61853
-27189
-62869
-60183
7570
82865
16647
-35865
-85971
87601
-87704
86388
-62920
46592
64510
66992
14051
-95522
93661
-69683
-70899
98856
-91447
52490
15120
-18092
66395
-60405
98899
12644
-30467
-782
-60166
20496
68222
-52962
-54766
-82150
-53511
-71518
-25250
44760
-26020
43182
2343
-66840
46980
-18555
68802
49369
-94374
9861
8018
17411
-37510
28554
99661
14738
-99082
3380
-10418
-13502
15430
-11596
-55443
-7326
27038
-15846
-79768
-99341
7959
-69811
82996
14919
17025
13392
-315
-96427
-2873
44453
-25963
-15992
28879
-36004
65158
-93307
91261
13595
56245
-36533
73316
-77749
-86196
98402
40526
-27167
-55769
36743
-85499
57866
95520
-79027
68296
60582
-5609
-93485
57538
48038
65622
-29697
58252
3458
52443
2307
93901
72530
27079
96091
36714
98232
57031
80204
73821
90865
24699
2820
-99705
-96447
-11934
-30986
3951
60329
-46939
91776
17020
-64101
-19233
-12837
-88988
-67272
-2129
-2721
84291
84217
-28251
78752
-40759
11097
-75228
39790
-7356
-21050
-20084
16533
-37504
97711
-72909
-55474
65291
60720
-73968
47526
-65377
66389
63795
32004
27455
-65221
-15715
-84516
71375
73339
-49753
-21859
17343
82448
93461
-89913
-24771
-13861
56635
-61282
20073
85280
-70554
34963
33651
41992
77070
25803
-60239
70329
59247
-39738
7645
-93543
86411
43609
-27348
32573
-21317
13671
94640
-4082
-10050
-91824
19184
11282
74480
94462
27894
42489
-51329
-72225
62882
28747
63596
23835
-30668
48984
-79652
-89143
-34007
-43037
54002
10784
17502
22041
50915
-35764
64274
94890
63992
-5579
-32936
76262
-35083
-48997
-20713
-98860
26725
74940
-28948
-24469
-69058
76140
-21246
-612
-221
-69420
-81716
-63668
37092
-19493
-12866
75103
1730
11042
-79445
10054
26705
-74999
94768
-38139
-77082
-35174
-43309
32309
79205
-70997
25731
78461
23173
-63721
-11661
96176
96001
-42515
48707
9375
43611
31616
-57741
39678
-2170
63364
-66470
77547
89389
55116
15366
84706
-48638
49068
274
37800
826
-51431
-45488
-84876
70329
85560
79708
-34635
85755
-43349
31844
80842
97682
-22618
65858
-35905
98078
-22684
12441
-25688
27448
34308
54967
-69216
-19719
-15406
-77049
81144
-75971
52310
67750
-56383
80241
61250
-24622
53234
-76511
-31638
47135
72107
5057
84699
-98131
-37081
-50921
69432
48040
-70283
-76628
-59238
-42985
-95760
-42938
66767
-10619
96701
-80548
53097
-24239
-63740
-86982
51696
-55310
22647
98077
-90341
83475
12909
54592
-32708
-56839
-58036
-90707
-24618
-33645
-88925
-5889
-50862
50574
-31199
-67143
-11466
-47026
10432
20422
-24847
46795
-29069
-13368
50599
33443
75671
-41276
97838
40320
-51839
48337
-17159
-28492
31381
-22034
-75927
-67573
-79296
-16926
84626
-87058
22616
-6865
66827
-22545
-8267
-63791
-21832
87464
-66700
26072
36921
-14768
7702
83680
-67289
11877
-98836
-40038
82412
-51120
57484
36543
-57460
85044
94031
73293
-89485
81499
-81083
77066
76102
23798
-66255
-92789
-42034
-38771
17818
25587
-74619
-61882
40099
-91714
79652
91877
53472
2101
-3879
16606
36293
-43055
28388
-24376
-99743
51253
8021
26493
-10653
-9241
-81575
-67479
27301
84505
-6872
18510
98500
-71663
7023
16738
17560
-35805
-65748
32184
13722
-99041
43692
-51826
-37843
-97043
-23821
25471
-48965
38200
-70223
-46234
2536
46748
5444
-19417
-63725
35882
-29283
-85937
94807
-39919
-10831
-30003
-64365
-54115
-54437
-54065
-15928
87225
42296
-1565
70704
-71906
-25499
98991
45159
-67697
-36648
55709
60572
-91530
-57091
-68159
12733
-2771
67073
11242
-79628
-25284
-4972
88082
69920
-15557
90311
-56156
-2073
10723
-50110
-29903
26938
-92460
49011
-40984
-6919
83299
34607
46927
-13751
41796
-37597
50906
-16015
-87664
-58343
-73266
14063
-6693
79905
7604
7104
77620
64767
24963
-3345
83151
-81195
98711
-12307
47768
-69611
80879
62840
-52438
-89595
91532
70437
29874
-8128
76885
-58874
-53887
80860
-94616
4334
-3409
-44494
-91623
-46368
-10754
-3991
-88239
-15739
-36623
13082
-31035
57645
-63591
-81305
20502
76573
75530
57108
-82249
88554
-14377
61558
-82230
57126
47548
-69402
-60328
74843
-21976
16632
19701
94764
69762
-5649
-65164
56389
40770
-36135
57037
52556
35090
-65115
52065
-15389
47537
16141
-20350
46745
-17518
-82908
-79603
74784
-77198
-37654
-76896
-20549
14158
99500
-47621
9155
-3858
70050
-61678
-65349
-48760
5463
-23706
-33154
-30445
-1575
4532
-4797
16143
84971
69822
-43585
33803
75782
63592
93480
-90809
-84942
-45596
-96136
64293
29801
-27081
-85737
82619
86347
53840
-16142
-35904
21407
-16676
4085
43789
14389
-42594
87888
16306
-61330
51835
-82974
52817
-16731
-26792
35001
57794
-2570
-18371
68877
96417
66898
38307
95676
41054
65405
-68187
-62799
57991
-56804
-99022
79388
-69197
-33141
50561
-33838
-67209
87712
73066
-59850
83726
61282
28306
41202
21226
62186
38382
-89387
-52208
72669
-71511
-86008
46145
21397
-52732
93782
2806
-423
30207
-83626
-2949
51285
-5437
-5103
-37303
74672
31967
11895
-41707
-67938
82706
66233
-20429
-5413
7813
46399
52746
-5920
33559
56147
21261
9397
-21057
81100
-97764
65263
-23810
3509
-2041
1096
-16189
-98341
-82213
61707
-17331
-94036
57189
82869
46750
20970
42471
5442
5713
63901
-86410
73263
-81262
15946
-15252
46349
-50021
-62
63402
-63386
2708
90787
-56737
-52723
-49740
-45326
95606
83083
-76453
2361
-5807
87549
23376
-18410
26559
-83435
27883
94302
-95855
-2304
19970
57251
-31348
-55738
-99790
-90085
-29117
-54230
-6663
98851
-89898
50779
-94992
-6438
68490
-91717
10406
11357
-21869
-9477
-60377
24189
-37184
10565
58604
-67708
66204
94061
38143
81180
54768
-23353
-57833
-42086
-81768
-30184
55792
25047
-72808
-793
32300
31992
97045
-41800
41073
86550
84633
35257
58374
70360
-17467
-83142
81778
-95862
-10128
63839
53644
6781
-33777
13048
88787
-43824
18992
-37450
35848
-42591
25675
-55248
57972
51259
93938
50350
30195
37009
11913
63112
40142
96616
-20147
-60919
66570
8956
-28409
77572
-44376
51861
-15995
39956
-31979
-21436
-96577
68159
60092
-98748
-25564
-82905
23397
-10829
48366
61651
-44679
29794
64547
-10391
37353
92809
15018
35553
88264
-22169
5947
-57385
-86832
44746
4747
53559
47247
-93175
61783
63483
-27445
66712
53800
-53769
97524
39344
92648
54678
67791
-88135
30089
71274
71038
26588
36406
-84903
-97525
-661
-27778
-66377
66399
-76479
20867
-67315
-67769
86208
-19027
12667
-56972
-8818
-46629
-87010
50490
-47996
4473
-32849
24434
10698
30373
31621
-18549
-52803
-35989
26545
-86024
32828
47568
96782
-82305
-82399
17469
26719
31909
79313
-52453
-48841
10810
49642
71731
-56400
68704
40603
-38987
73386
-44157
-48249
-99468
82368
49379
61021
74480
-70305
59420
-14098
-19770
-16821
83838
62644
-68887
-36641
21755
77181
43823
33817
18635
-60981
-89838
2142
-20026
-30111
-33622
41297
-71925
53527
98665
19817
72836
48157
-18209
-32138
-1968
-16815
94636
-76381
-32019
-26548
74851
88973
95670
31607
85282
6219
36417
36253
-35538
18239
-77245
35747
37411
-32521
-40737
55672
-28242
99981
67053
-57423
30593
-97679
52951
56987
-17555
58999
88705
10358
-49420
-4155
-34356
61891
56938
92826
-7823
76974
-32563
61803
52860
-94340
36080
71702
9141
24556
86182
16073
-85184
-19929
-44617
-9667
59530
60108
-64720
-66811
-58909
50904
-41425
-5052
97088
21421
97974
-45547
-23902
96859
2893
86413
-31340
-69607
-23499
43860
-17911
55105
-34047
51274
-67137
18393
-71411
44481
-30096
-24014
63423
18544
51971
-77499
92054
-8053
66714
35049
-3329
-31521
-33104
-28725
10341
1095
-59887
53055
-46378
76986
57688
-65180
-54501
-90374
-19653
13054
-74496
87822
54661
80851
39968
-88563
64221
-28563
-94166
30051
-80089
-85464
6423
75063
2840
-76027
-48526
63600
46274
65750
-58810
-62326
40317
24361
-42402
63073
5469
-88977
-66794
43744
-83231
-2711
-33133
57397
-99462
2727
-80292
-11247
-95431
-905
55067
-66316
47574
7120
73843
-77101
-88490
52452
-32005
-92137
16531
-12538
89547
56324
-75226
98358
2687
-45800
-13153
-727
52854
-18895
22249
68720
12348
-65206
-39176
-48858
-13750
71663
-16264
29352
-44651
34443
55065
-93157
-26137
42801
-64898
52678
-53059
69716
52890
-94188
21889
36521
2711
-89356
64080
1014
19124
-14640
71398
33853
9597
-3178
-7816
23241
-45043
-61704
-57508
29424
50473
-41509
-59185
17883
-37159
-40103
-35918
50018
-13164
-31443
-60129
-96394
-6688
28878
87509
285
-16303
99175
-48979
91648
95380
-37313
8169
-50320
-1775
57473
-28631
66499
-9029
-39539
-84290
87598
80151
-45224
-35639
43631
-19274
-44415
21522
77303
-24325
-631
-76452
2725
-75592
38040
-83759
-78920
79554
-24618
74994
-94303
-57180
-31014
-83375
72134
-33518
-24608
48384
-85714
-67469
20613
-58464
60662
-55020
-74690
89005
-66664
-19781
-74413
97063
63275
-38874
41486
72639
-63726
-18897
-10036
-52701
57782
65801
-16308
-15323
51094
-38339
-91749
-70411
-6623
-68066
-2747
-29606
-76283
-35296
-60179
-14812
-98666
-30099
60311
-82963
7868
-64207
41286
42879
-48900
16394
-27742
-98443
-80981
34917
63527
69584
75078
-18147
54038
-1723
-50556
45365
32760
72679
-31781
-43506
-6997
52650
-49831
-1955
-44718
70588
-63689
10749
44284
53304
22500
23467
-53504
86824
-68137
25369
90930
56242
70285
-31390
87998
-99443
-53264
32846
-97654
-28265
95243
66081
-65989
16948
2711
93193
-12865
-39735
-64761
79475
15408
37044
28349
34625
-84908
-53797
-25763
-16070
-42610
64004
-68266
16350
26236
92971
-47051
74497
-58875
-33769
65519
-25715
62293
-59830
-47400
45746
-17155
-36495
-89188
-57024
-87056
10368
83127
-91568
20454
80622
-83784
39860
21856
18419
-59570
-59183
-67493
78292
-13642
-40536
74085
6609
69961
52960
79251
-8249
-34923
34468
-99677
-21872
29292
-56093
65099
-30789
-35989
-46426
-10997
-87234
84507
-37815
-76811
-30834
46511
2859
-29265
95805
-97756
-71550
-51509
19705
52678
-15619
-8481
-72272
10613
-64330
44140
-28885
27676
88317
90836
54854
-4996
49479
-54696
-62079
-14415
-92190
27613
75151
95605
32353
53498
-98065
-9957
28209
4484
81674
25664
76621
11307
92847
-82056
-8792
-49420
-84208
97797
55969
11610
74902
-43810
-1327
-4110
-58754
-77516
-47585
-6629
82523
-1738
55661
-60242
-89597
-7144
7425
2312
3121
34319
-71890
-21549
94246
85059
23263
14951
78164
-69652
-97579
68257
90556
3902
19745
84686
2582
47741
-10364
-55226
-70234
6802
-2796
45545
35890
75033
49170
73936
-713
-25192
84700
-54057
-13738
-77010
-36365
71556
-53244
13651
37922
29529
9147
46037
-16193
36995
-88538
-94645
42301
-32495
46638
-58282
-92044
-9023
70322
-50305
2155
-92752
-20586
-28724
30978
11371
29187
-93817
-865
-25083
-38689
-56848
77947
4450
-4433
87253
23164
41190
71653
26564
9737
91419
49595
-40058
1678
-89336
67134
40220
-24688
-60233
-76937
94964
-64202
62368
81426
-27105
70351
-92311
-75002
-38242
-42003
-84722
-86218
42268
695
1558
-6875
-89362
-72124
-94749
-44522
9931
-9770
-54824
82223
11798
-83024
-19773
-20116
46640
55807
33254
95386
57815
-37571
-68316
76390
-36122
9384
22045
26247
44032
69326
52508
-9231
33664
-71474
-75449
-89157
9878
76904
27173
-41270
53221
-99768
5530
47119
43569
-31814
-45956
-88046
-30722
-79935
64219
60277
-92946
60692
85941
42307
18911
-59558
13587
-64064
26529
-83773
-88671
-17251
32940
-19465
70337
33149
18069
-88343
59882
73314
67113
-25199
-87096
44211
51517
-27304
71626
7002
75352
39192
25579
-22561
91706
-55059
88241
-33457
94905
26560
31857
-54804
-57057
6112
-99721
60022
82321
-44156
94611
-43862
-82788
73627
90119
-59220
91944
30071
-61815
69769
-50089
-99388
-51246
81840
20919
-98640
48290
-81627
-56366
84862
97606
-93359
92459
-33509
-68663
72626
61074
4407
63321
81682
-9654
42772
-77307
-48335
3779
-86540
-59639
-72126
-19166
13261
-70362
-25628
62608
67334
21809
23279
-67665
-5733
-61814
-24776
66341
7462
-53538
-41296
-33680
28730
-32565
99209
-37698
-68738
-42658
50471
89281
90759
-12317
66616
-68875
-28296
-12282
21998
65134
78594
-84776
99103
-68234
-70403
-7268
17691
-50049
67553
-86967
-87050
-28345
51560
-10579
-33821
-47587
-46465
43662
-18708
38468
7500
-27866
41375
81831
-74931
-92066
4655
-38353
-26432
-87031
58770
48864
57486
-51343
25733
-34173
64197
77746
73865
-46578
-69057
-74397
-25429
-73724
-48719
-87207
5503
-54615
68493
-42246
16419
97414
61231
-79072
-49309
-69800
-81345
-38683
-94973
-29980
-20340
80316
30315
-28086
-83134
43401
-18837
-99491
-59678
-473
-4946
-29782
-22839
-24817
94798
-91781
89070
-70516
-46845
-33101
70226
-58869
59721
5382
-42917
86394
-18713
-3554
16149
14158
75510
65507
97336
-75388
56954
92625
-96460
-82906
98130
-49358
-26127
20827
99560
53245
-29059
-43824
27232
93087
59006
25149
71797
-35014
99286
-32914
-98854
-86285
56447
13066
-75737
15200
-24751
-66605
-31793
-41269
-96020
96139
-3587
88287
38856
82495
79398
-1286
-10190
38678
96041
-60920
32564
-45413
73580
-61943
-61408
-99118
-31665
73319
32560
64002
-48799
24194
67922
27849
43273
19992
18974
31644
-28272
-86184
-37808
-29481
35617
37402
-62026
-26564
78350
-97692
40438
88265
-47679
-56872
91694
7599
22574
-51276
-51924
3595
-37590
-75929
22176
-26174
42683
-88409
9378
-79162
-50843
89847
53067
9404
47551
-41230
-31445
-2788
60375
32317
-93514
-68254
20062
-34876
99787
70780
38879
8634
37172
8746
97606
2954
-60384
-94155
8149
-51080
72672
96177
-97266
9981
73650
-42955
-4349
99451
14721
79298
-11467
-59673
-29411
-79281
-62175
-28966
99310
-79718
-36346
53731
94761
-44373
57345
31899
-42417
-57888
41778
-73435
-41378
37793
-41714
28010
85527
-34852
-56544
-50397
-81441
-42
-79553
51211
-79019
-83534
8321
-62737
7971
62257
-92856
40357
91106
26939
-83363
43703
-47474
75748
-69802
95064
-96268
92328
-32820
-98346
26632
467
75857
45930
-12160
26250
21785
-16029
-24207
-58010
67773
-29030
98101
-12167
38033
-53193
-59778
-36299
-5858
85533
-24980
-77446
58590
-73386
87496
-43468
-23218
-65759
23394
-22129
-4357
-65670
-58186
-57787
31060
52330
19336
-25470
76871
83210
-83734
11207
-33873
11936
43035
40552
31094
90853
12065
-14368
-93693
28468
-92597
37247
-39664
-29152
53857
6819
-96334
25583
-39350
-35528
41545
-94752
-65744
46566
-49512
52833
-5875
35889
-30819
-21584
21899
-48628
98092
-98382
71506
70817
-6806
-62415
-42655
-21531
-70349
-7707
29601
83512
-7786
-1384
53695
57071
61759
-45452
-73408
48155
-71314
71393
52673
14343
-86241
-32402
-70167
-72290
50709
-51370
-12909
77364
93102
37004
-34636
7957
47733
91609
34135
52833
-25063
-12871
37207
-24944
-8637
70490
41254
653
-26743
31107
93096
-26407
-18604
99201
-64408
-32695
-94052
-67654
11745
-8642
-7826
-12753
-35881
1243
92790
75189
70895
84335
-19841
-36675
-63018
-90164
56876
-86211
-72531
-78921
-71491
-12401
90873
-94030
8214
40126
58157
69549
6306
-79954
-96798
46604
-85691
-21124
-88176
-21938
16168
-32882
-77243
75165
-7307
-30126
-22205
-47240
23950
-56209
-76895
-77035
-4728
-50748
8035
-41529
-5676
1130
-15184
21638
-75120
-57817
-35931
-61607
78020
-82209
89196
49264
-44632
-94466
97897
-77020
52315
18452
55513
-90790
36809
-69066
8910
3411
28912
-87515
-72126
-52407
12005
-76932
63512
-63417
911
-75493
-13776
-63807
-92759
-37939
45617
25820
-35978
-80535
-42186
70363
652
4493
-86908
-25389
62697
42487
98393
45960
-43808
-54754
77406
-35955
23
29383
-90263
1725
-64448
-26221
73050
34850
33571
-23093
-48323
65478
-24428
81665
62260
-4689
39916
-85772
34666
-60742
10770
95161
8015
75241
10540
-49164
65863
93841
17068
64227
93307
20389
46237
-15400
51940
-32028
52652
-63704
-87761
-46271
82214
64441
66478
23616
70005
-18682
-28267
94276
72135
-18797
63688
96365
16357
11110
-6752
-7076
29168
-77458
58787
72236
65429
28883
-59955
37951
63632
54349
3888
-30711
-15383
-19426
-82306
-40358
18607
41344
6520
-90912
-5072
-34347
91253
4834
-89576
86483
36063
38464
-54263
-61618
-6311
74863
20064
-93492
78979
23488
-78380
-92988
-91322
78252
37855
80331
-26729
71844
62981
-47714
-87346
-83656
22364
-93831
51195
63876
38563
75460
-48403
-33028
3924
-51373
-38374
-38001
69345
-97963
10959
-70394
-40597
46541
92912
-17810
-55296
67895
43326
-41152
-24227
-8315
-6420
-82571
-89726
-64135
71761
132
42387
-84485
-20230
61434
-22744
65836
36421
19940
-10180
21006
27574
-10695
-33318
-68231
68128
-74058
15610
90900
69551
-34270
-24280
-53646
-64597
-47954
-88520
31469
-6358
1920
45121
-68338
-98527
91314
29666
-76039
22545
-95525
89688
96187
-21778
-26222
88463
-25107
2498
68713
92676
96796
-91183
-1517
-47849
-64057
-94637
-33528
-80785
-94224
4169
40436
-42493
58495
20850
-37723
17482
-25463
74074
-63731
39985
-6414
36704
86414
-66641
86579
53639
22009
-28682
35800
88601
-78818
4607
-45158
-8420
-55927
-54605
52605
90564
-72400
23139
22388
-53453
68250
-87022
52599
-81582
-73864
96174
13459
69164
79301
-24321
-36226
-44026
78850
21665
74885
41351
85816
-50135
-38120
-90226
13862
-33229
-53669
41041
40420
67096
-57706
-50453
42864
-65966
-83453
2665
44115
-71672
-1698
-42495
78686
35114
93977
31278
-78116
-98744
-40945
67234
-24055
-37128
-67006
26526
-45477
-24050
4900
-42641
28910
-87977
-89379
-19832
64185
25280
88332
-67226
63940
-28889
-38562
69514
15979
37530
71530
34319
93631
55789
-80622
-1860
-46347
65755
2303
-38047
-4880
28556
-59722
-65716
-86004
88418
-29689
-45994
-60784
40620
10558
-17230
-95314
-91183
19142
-80436
-7641
8884
-24500
3887
-33161
-36599
-92090
-67754
-88772
-40149
-58740
24361
-71201
68746
82996
73148
-8498
45586
69409
-30970
19813
-90242
22522
-35166
6959
-40117
-26934
-35450
52443
51554
-46188
51085
54645
-74757
47208
61227
13023
80242
75815
29186
96986
-18998
-85967
-10314
56724
-72184
-10002
29443
66482
94730
22322
-53294
-32380
-51163
-30611
79673
25472
58059
24747
-59388
-55801
25811
-57142
40430
29866
-65720
9142
5106
-85319
-83960
11135
10788
-14032
37448
-11569
32786
96831
6378
-69800
60565
-3308
-25230
-22882
-48232
-88746
-43714
-87367
-30016
23362
18211
-15959
-22936
-81965
-94092
79343
-35886
67271
-37186
-13235
-90291
-52470
-94958
-44012
-32408
-3910
52048
-46787
-67872
-48815
7385
-11014
-51611
-3481
-52856
-95605
-56552
-32930
-43647
-89481
72927
62258
69785
28043
13518
-47077
66469
-18811
-34418
-15611
14230
-43267
27700
84756
-38732
-54893
-98450
26110
-82849
28542
60349
38337
82985
74236
-35002
-23000
31433
-19193
-31704
-26109
31562
75788
77695
99989
13461
-65044
77178
81705
-30940
55467
-19921
70840
44740
77788
-82894
-17343
-49508
-81659
62157
81121
56415
-32589
-93722
68602
34717
-39012
-76381
32801
65366
-48501
75934
-51699
87785
32895
-31487
-28712
56632
-46473
-4580
32526
-817
67428
89541
99933
-11163
-85615
99957
4905
77437
-98584
50293
31976
89000
77635
20722
21987
-20056
-21889
-98395
57350
93677
7194
-56847
-50509
-18637
-47674
44323
-9009
-22105
61110
16364
80993
-71821
16129
66203
-95738
-44319
24088
70128
-51316
-63481
95297
7545
75638
-39917
61806
34663
99256
10071
-57652
88953
6326
-53115
-62171
-25643
75030
20726
80992
-82808
-74373
-58194
-77361
-27515
-82471
-87
4679
58622
-35236
74032
-58272
10412
99784
-15964
25728
-66096
-70320
-5956
-92410
81203
45637
25453
-93349
73388
-22424
-55734
64963
-76565
2800
-24046
-8744
86439
-55201
40392
-43998
64116
-67265
-10129
69208
-21689
37289
46593
20879
-99021
-21997
77219
-21615
-53775
-28956
5955
-75253
-49888
-42899
-74091
-3443
-55462
77512
-96490
-56544
-56657
-16262
60348
7356
65973
-24102
-13511
-65409
-37389
88809
57451
1701
-24864
41288
28429
-61964
-20998
56561
-58825
1816
9925
6681
-2501
-34146
-1650
-79970
-39799
95886
-41367
-28311
-4312
-29002
-29322
-20292
8885
-22996
25864
20039
31448
88259
10488
81106
36199
-4331
88195
-83584
-6705
6766
70048
87848
80378
4473
38030
-78283
-53746
-42645
-31401
-47920
26196
60474
2442
-1554
44558
96321
97529
-86247
-26704
-58584
-52117
-58215
-2872
75185
-50639
-3862
68121
-25961
-76000
-14745
9426
-34887
-14761
22581
-99023
61044
-70550
9097
66651
-97917
93687
-72082
-91539
-6303
-41521
54368
15782
-71632
50364
51458
18596
43731
-77074
43643
-14994
-58080
-5331
-40177
86339
25824
45788
76080
40674
41839
-79193
-16079
-45211
76063
-30844
50850
-65807
64302
29915
95710
-33184
91872
-32302
83663
70734
33517
72144
10537
21219
35976
-55666
-78003
-70381
-87442
21612
15765
-11273
-75337
-74977
4122
16594
31508
-27757
55983
-16847
75111
12898
-27231
-58858
48340
-29099
57239
61552
-61798
-76179
61247
75607
-10729
-24177
-21838
88625
31445
-65023
-17428
45116
28441
-87973
-33458
-39334
-41531
40984
-31469
-5889
-29085
47080
-14768
7234
-57235
-13752
31164
-40010
11036
-16343
-46554
76342
59637
-65986
80401
-16599
-84461
-92552
-69431
-70841
67189
-68686
87902
-61440
67217
14204
-77927
84017
71632
-46021
-54816
-73716
-94803
-65152
-35171
-91659
91304
93992
92272
96387
-65474
38524
-94890
54198
87577
-12985
46549
71174
78940
-38139
-71036
-82806
76374
-7355
17740
-88108
21373
58663
-82930
-64654
-31795
-64099
94087
50547
40911
85026
62804
30489
55055
33954
30389
-81839
-28398
-87926
-83053
48914
-96267
36098
80356
86036
690
53416
-92046
82690
31951
83244
-8439
81733
-80385
76641
-30438
-3840
-17795
-17003
-80009
91042
38559
-82770
-72372
87823
-58704
10172
28512
-45862
54071
26898
-65547
24879
-95048
-28746
-95708
-34243
-49480
-90301
-71187
6625
64320
44871
-44029
-32792
-80052
-24632
-54565
79376
-99887
79024
-97886
99860
-77236
-60292
99452
84971
-56182
-68965
47040
34857
86624
34774
-66750
-72048
22841
-44955
76752
390
-21882
1536
-1262
99497
-4353
45626
60560
-18602
62125
-83881
-48202
82537
-75425
-95126
51927
-48244
-77545
-61090
57528
-64518
25274
-4619
-88047
-79433
-78254
83555
-50940
-44729
-98972
33165
-96340
-54387
-84972
-75626
94638
87156
79529
79350
25214
66184
37505
36875
-49259
89781
-37840
76320
7738
-402
32098
-66595
11762
-84679
43798
-86205
-87876
6198
89450
-66382
-54999
-28541
-57073
-7610
18679
-38345
13920
50694
-67916
-7711
2805
-33012
96077
44040
67289
-23885
-11632
4561
62932
36609
90473
-13552
23660
96706
-41407
-97334
21180
19769
-27024
76012
49796
93298
-84179
-5781
87031
38092
-90461
-33615
-55690
70763
-74423
-97274
41713
72409
-47518
-10528
61369
-10870
4346
-18152
44475
47017
92479
32712
95360
-5162
82908
-69014
-37632
-148
-88791
36797
25950
29627
24776
49272
76661
85558
-63885
82267
70439
-32166
8916
-80009
16676
-9502
-26911
97687
-53306
-23585
11764
33982
66757
20168
25498
-30255
36048
-92460
84462
-3955
29623
-5330
-31195
67160
8378
63480
-33040
-45528
71584
-43385
71386
-10799
-37503
97164
51133
31449
-35999
-34939
21757
48242
-94817
1267
-34040
-76522
-97205
-63379
-5552
-11169
70019
4313
66703
-62714
89360
-19080
-81457
40673
41521
82397
-24670
-297
-7355
-73748
-21529
88569
36623
-32727
-52880
45761
-66898
-2435
38077
622
-55080
39103
12670
-90786
34338
72550
-95185
71773
-2489
-86361
-60331
-64431
-95762
17457
-67686
54046
34940
-87559
-91374
-12920
-66709
-71865
-22634
-82608
-58372
524
75846
-2975
-85081
-8709
-18049
-44
-54633
-73442
-75796
82595
94414
-77467
-5831
-99030
-78509
48750
-47270
22307
77856
74066
38914
-96746
65216
34379
-23334
-31215
-83429
-60941
49201
47830
26200
-85780
60825
83178
-69164
49173
-78330
-35714
-94111
70503
61876
-23895
-29229
-88027
-44141
51315
77893
-66258
2159
-71281
-8915
91721
-63684
-88059
50467
33204
-70045
89162
8335
76459
-29140
-92782
-67583
56468
-92097
79651
61567
-7107
-35827
-13484
-79277
-68431
-56067
-49613
3425
-43886
-4037
-63238
-95984
-19666
-69641
9311
-85669
-46889
-18090
-53463
80202
-88138
-10953
58778
29701
32693
15626
42386
82476
-41700
59149
75060
77527
-75608
88645
70338
-32383
75957
60809
-78843
-33779
7547
-29766
-31470
89436
-77327
8267
-65887
89510
-29073
-90386
-76677
27684
-5913
-25156
-22796
70
28526
68428
-32792
25948
91689
-70562
65612
-49102
77209
-13575
82634
-29382
-40524
-20740
18771
-27572
-61424
11927
70313
-34668
78522
73782
4060
-54028
-35132
-12715
-27562
-51939
3858
-80879
-48120
-48639
-80056
-76840
44371
36570
-15903
-81880
11939
-30308
18596
43561
-99783
-60468
40248
-95593
-74505
-37974
91986
93660
-33826
70632
-95511
93792
-26502
5675
-14548
-9078
96395
-45533
-76975
-75087
-38024
-42236
31314
-85476
-11191
-87692
87133
-65145
58439
59983
68084
96407
-47760
-86961
-50769
-83832
80345
-75572
77256
-12266
49842
-67818
-10747
6724
-47226
80233
-8020
98010
-89454
62459
-59254
-48200
-36672
41518
37433
67352
52363
-58176
-46287
56215
-32022
89681
-48810
-900
87364
-76677
-22139
-19557
-58666
-52496
31361
-54533
-91272
95938
-62302
-95059
71048
87511
8664
78641
11615
-11855
-60539
-34000
-86946
-12913
96262
-93895
11910
18891
44942
31773
-79999
-56194
36117
46316
19028
-24551
13045
-8221
5097
50621
38738
46030
57196
-19292
46050
39129
69986
-99180
54102
94548
-60576
-88891
46827
17443
32117
-25884
-71225
67313
-54412
47393
4657
95723
11272
-78366
-59498
-52422
-49931
-13571
34230
-8375
-34711
-88147
26024
-48164
82540
-64936
54451
93493
-77956
-42828
-72894
-64145
27485
-47662
32583
66432
47769
-35467
1861
57756
-61153
-66618
-50508
-99705
35986
23975
8072
72145
-94578
-61818
84229
26290
-45411
57266
96351
-33958
-30185
-87262
56349
10023
-63090
-12049
9322
63972
42257
78358
-40215
-76473
51602
-58713
2554
-7015
-7733
-21420
62582
-75861
16028
-21150
-87999
-82841
16209
-71668
17638
-26169
81572
-7287
99109
9966
-7569
-17019
-1464
97259
-99043
94587
42412
44034
-17267
36605
-93461
-78815
-56374
39751
-74934
34225
-54754
-31595
-41345
-34507
-28122
31506
-90135
-69019
6709
-67167
-88218
19544
7419
-60749
-26524
-79110
-81444
-48024
-80696
-11878
16442
13980
60053
-50004
60902
-41468
38674
-43554
48447
16115
7824
60267
-93068
-63422
-17527
-75751
3864
-38729
37884
46730
57702
-36283
71983
15657
78782
77856
28412
-47221
60450
21252
-90854
69311
62928
23271
-31603
-11403
30909
-47349
49681
-80064
14770
-16364
30964
-97272
64940
-72958
-15740
20263
23786
-86555
-41595
37657
96353
77795
-7469
-92794
8555
7153
-78262
23382
24042
34180
32941
33917
23630
-73273
-68547
47535
-62532
-22973
-12439
92387
-19842
-72678
-1340
51619
2307
-66309
79288
-66269
-824
38389
39986
1680
-40445
-10052
-54015
76854
-3389
77983
85729
62375
22701
8823
-36527
-37945
-96910
-43876
-89415
-52928
-92991
-61688
-78048
-97154
-99854
17868
24709
-11317
2518
33934
-62301
42485
24177
91763
89366
-37202
-56155
83700
-58127
42545
-18495
77302
85580
-9817
52967
1567
-72807
58032
12463
94900
65821
52218
88402
-5809
-20448
76063
-35298
84290
29707
-33622
40085
14858
-2528
-38597
-2379
24152
30015
95661
-93992
32512
3615
22494
67220
-85000
43454
-11952
77092
62432
-96183
-77200
47812
-59007
97053
57903
60142
-48203
98652
53120
-96434
-25799
77868
-36462
-80345
-84680
83354
-38345
-1416
73523
-11818
22114
93784
-34340
-81559
-5842
-78202
45491
80466
55921
-75352
21192
31837
83153
-26706
-94415
97720
-60408
-77455
-29537
-96327
-59101
-6243
-93356
-64528
-73629
-81582
-83740
82805
8482
-83311
-97508
-46539
-603
10357
-77692
18746
-76909
-316
-41382
-81751
567
-61291
-13928
2757
-30890
98029
-59332
-38146
-6644
-79087
-92184
-92346
-15707
-48143
10709
-25139
83333
-20366
-42016
-88545
89092
37020
-53395
-29130
-66738
-11961
77515
53582
-7973
-80759
61030
88429
39849
6447
-49498
-86988
-74177
-67363
-95697
52693
-75183
46876
76652
-26697
29069
-6233
57614
23253
-2451
-22848
71783
408
-98948
-97140
-316
-73569
-5542
67860
7996
-16924
-45079
-31035
18846
-51196
28069
67849
-24420
99687
90184
34659
-70404
81622
-37244
45227
-81047
-56353
16645
-28842
-20772
-32680
7744
-31378
46360
68287
14374
-83498
28537
-19991
62848
-27954
60083
39763
61512
-95506
-27738
-53829
-43603
51964
44037
18440
24004
-76743
77652
11401
41906
-82450
98585
-9138
-28098
93494
-68858
44565
11493
45320
-48059
17379
-51361
-23566
48355
44240
99375
58019
-56454
-5163
78239
-43621
-77353
-73301
-23686
59907
33650
77790
94089
62325
67402
-93545
34391
425
-68540
23806
-92368
15873
81860
-96431
-83918
59558
37035
-93435
-52993
-75573
69351
80209
89894
-93909
-68164
-39511
27640
-77482
63060
-63236
-47692
-82765
98626
-81829
41796
26091
-37216
-80926
35132
77347
-32225
7728
-93965
64665
-71976
30868
-44840
12630
97691
36109
14525
-9553
-2106
36293
-69211
57554
-78199
-97520
99270
-5778
21178
64708
-22847
-53919
3148
-74924
32449
44379
89373
70511
-72494
33065
-56494
66160
6862
-98022
98693
-9914
11767
-89967
85805
-39913
16718
37845
-32214
63748
-5168
-97054
-44605
-29164
83938
-44626
-63240
-72867
16178
-77798
11907
9909
-14072
-13119
-27983
-14440
-74962
-97181
77687
49086
-16717
94530
-34375
-19690
51948
-9856
27517
55750
-86712
23993
-86465
30262
-42497
11388
32608
-3430
20443
-3528
6869
-33569
-29540
52318
-84630
-36982
-49006
45113
82952
97745
-59699
-9261
75802
-69937
-56116
-4486
75840
76150
75054
-28107
-8251
79738
-7784
-63241
-84471
-94276
-56255
49741
-73566
70344
38711
20342
-28456
-29321
-80790
-28579
64856
95240
-66339
48583
62056
86464
30767
56155
27283
52772
-31397
10896
18530
49773
-34392
32532
-63762
-37574
-42134
51287
69351
-66550
61697
94405
-76058
29212
97868
-35607
34396
-69951
87437
97224
17563
-45474
86493
-34474
-90713
-71720
-2239
-45230
-8956
99046
-26536
56427
59622
53058
-15922
-96718
97122
-50909
-42738
-56063
4740
-26850
-34446
-66829
76205
43218
-21852
74519
50012
17654
-93263
77199
92010
-41810
-95457
-63666
55496
64160
-45558
-84571
1863
-66727
-18331
-45754
37474
-45466
-34180
-99477
-29506
8552
85940
-16618
44217
65972
-79383
27832
-31041
-85915
-22587
64033
98545
-86601
-53647
-66880
-22054
-33216
78033
-3403
-35598
-51947
50419
76572
42245
10752
-58852
-8215
30556
-94276
97065
-15291
-17900
-15748
75418
-78750
76475
63019
90811
-52193
22981
56891
-54587
-7854
-83705
5862
-88300
-22298
-86977
33745
30025
4043
-87912
5160
75426
77989
39137
78492
75223
-92757
58554
-57625
-26914
-43295
-65534
-95705
43269
-62542
-17354
-40159
-46533
70691
-1874
57751
95098
-4906
90241
71472
51287
35132
-41413
65659
15363
26247
48377
-30647
-7586
-49069
59686
-44323
-95630
-6767
-96063
-92784
-20743
-63740
2565
-5109
-23461
-30655
-49897
39150
-73878
56647
-16606
-34307
87617
45762
20751
-57087
-74923
-68015
18681
91405
-91906
-41440
6008
33096
-67633
-40651
88556
88239
-83641
-87281
37002
33309
44174
32323
-7939
-18949
-18511
-8025
33486
-96443
-19049
19153
-86892
81229
-41664
15877
-72304
-16952
-42784
6039
12563
-16950
26235
91233
48087
3379
-41904
-11115
-47329
66043
-43299
99480
60470
58574
63096
-94366
-47743
-15656
34401
82018
-4745
-23005
-51711
-54336
15455
74452
-37036
-56273
-6818
-2285
-12239
23584
44117
-28432
78143
49198
-494
61238
-19164
22841
13930
-556
-43470
94431
18334
-71209
23079
-98837
27759
41420
-47061
81990
-39890
28348
46824
96096
52286
-34924
-4821
-21740
-63535
12956
5004
-74627
-64227
-51007
31530
-99806
-84414
-1501
93078
-78512
-59982
-46017
-18749
-20576
58909
50682
-36195
32427
43550
-59739
-91927
67349
98065
5088
-23986
92270
-14498
-73804
16655
-98195
28381
66960
46163
26681
-27218
9081
36680
-14933
-67174
-38190
-55673
-11737
-33769
33252
15245
56997
-53233
-65670
-42678
54597
35857
-13028
58858
-57489
83907
28428
25540
-96779
-93050
58341
77196
-77857
77737
33698
39022
-39318
9967
93263
-52164
-446
-75637
66857
-89015
-40476
95835
14755
65887
-14014
-25064
-5508
-4586
-57295
-11086
75144
30109
5679
44147
-53509
-74621
35403
45969
-81439
-64602
67305
17217
67936
54692
84471
35571
50915
41003
83902
-14428
-42102
-30441
-97756
26638
-79677
-86357
-20484
8522
-2744
85774
25829
-95802
-80238
55820
-98170
-8485
10959
64649
-1153
-98634
-36049
16184
-97907
30918
89710
-22800
28307
89187
18847
-46620
-32094
-88731
-71621
57562
-92816
78403
-50046
51416
-3049
81099
-71379
-98038
64408
98055
-10165
-68029
71789
-72266
24004
-81405
80786
23468
2729
68537
65304
-37482
97302
48757
62616
-12256
-15065
26200
-8300
22549
-55407
50192
-81918
-21535
56327
-57919
7342
-5320
1975
-15220
30597
-43524
54681
-39201
70490
88348
459
-81887
-9275
69533
-60268
59364
-18653
-36784
-28817
-44082
96396
4015
6293
-35791
22694
-48996
-53371
-42156
43947
-13882
30327
-80677
-12930
-30647
92931
46461
-14318
98817
86291
13394
21658
63741
-84081
89428
-17480
23232
44160
45939
-21622
90678
-42625
-22962
29448
-63013
42980
-38694
-37713
79239
-61152
-11734
10612
42791
28752
-96785
16991
85644
-33668
82456
-22504
39195
-83543
-95828
-38538
44524
-55623
33284
22464
-73878
-62296
99839
-54251
25184
-62673
78935
-64438
-98664
-19069
-83525
60869
-18786
-1097
-27994
-43603
-48911
-48633
85957
-10251
3618
-31217
17295
-87853
25887
-65502
90552
7128
-63619
-83408
37345
-47334
30028
-75615
21658
-46007
-66110
36699
4865
24820
331
-3863
99681
82522
-54262
13673
-62912
91323
-47044
-21812
-94656
8654
35948
69185
52544
65521
39826
45896
47159
28452
-93900
-33142
32771
68043
-29575
31348
84724
-47
-22959
56143
-82870
1726
90636
94558
68047
-99419
-82341
-44023
90490
12994
85311
-31663
-52199
66616
-16703
36796
85119
72269
68151
95833
-15339
-99804
73551
51474
-72057
-61142
9980
6937
71945
94307
42165
93709
-33957
38372
-65519
82821
-60561
63671
-29073
22166
-97229
21007
-81615
73215
47690
95555
92848
-24819
13156
-34210
89943
-49985
-85620
53651
-97807
72473
-23996
-19618
-3270
73832
-51934
12977
-24023
88888
8208
-55987
74615
25505
12269
-90334
-70746
-21703
64945
67461
-55599
-95383
-41244
68284
-66024
-7605
89633
170
97896
-35224
48801
10897
-4803
-82101
18928
-93959
-52737
-32286
16097
34759
-35230
67608
30462
88206
-27856
70782
47218
38519
-48927
71092
-63148
22277
-97313
87633
-20540
-2507
-9473
10046
97944
32319
98730
-82521
17809
15211
87975
-23765
-93958
-92824
-16186
-44287
-60315
80362
-40206
-3005
-56908
45232
29196
-73234
-24380
79299
-96864
14692
-21666
-99273
76308
82752
41158
-98799
-35345
-56195
99110
50216
71989
52480
4009
-36591
-89440
-23298
-88200
-65312
97657
-4535
7871
-48340
76721
-64836
21857
5663
13049
-49450
62944
-95549
-83724
85286
-73296
-39589
58773
81926
57411
-33127
94589
-20207
-64196
-5640
53101
2967
95435
-14753
42069
-12215
-10222
62067
6829
72830
50875
-22513
-13359
96153
11925
-81963
16917
-69024
49699
-87534
57067
-52275
22612
-96178
-31974
96538
32085
4194
-94858
-99634
27653
48188
44464
80020
-38359
64654
-73575
-17636
-66431
-24893
60923
-79662
-88883
-6522
7999
-95888
12940
-23163
-59357
-87572
19004
15289
-45533
46891
-40887
53032
-60826
-4111
71033
-294
69130
-22752
-30071
-21360
-72666
15299
-88842
-4977
46241
64305
-78779
-96668
70029
217
-40804
40567
-17868
57095
15061
-28250
-97291
-83089
27441
85279
-8166
-6036
2606
-66260
22492
-48081
-48133
-36982
93728
-96583
39247
30846
61809
-13637
64466
-64098
-43407
-8316
46961
79448
-19217
-21846
-68968
-33339
52149
56993
-6821
95744
-8186
79313
-64301
-80444
-66221
-49469
-87663
-3410
-42539
30661
-49175
-72634
93515
21806
17760
-25423
-73080
96961
-93144
-99094
-74469
-52665
2004
-93195
-86375
82253
-75895
59347
5740
8098
33674
54851
83276
86305
-18143
-62158
43825
92077
-51890
-63173
-88262
36928
25157
15265
15571
-53721
-96197
-78330
-62976
32760
8105
77095
-63597
-85883
64207
-30655
34438
90305
-81070
44130
8892
3802
-49321
-23073
-24518
-34411
-39262
-84698
10610
42490
-64328
-41133
-33640
-40698
-9067
5613
77909
-17872
95374
76244
-21764
-28281
-58501
2535
-59505
21590
-1763
24374
-41389
-78776
92845
50534
-4016
28333
-47495
-81086
23842
-54943
-87521
6928
-52406
-92177
-65392
-80294
-94073
76632
11447
45889
85646
14480
12570
64861
74629
-5849
87982
7357
-26270
94429
-95520
-77372
67290
-80780
86109
55646
-677
86712
-73284
67113
-93730
-50378
67960
27844
-3574
-65890
26970
84951
-50003
1160
17312
-4858
95613
73300
-15267
-80760
-68066
93790
15071
9699
90804
87739
-66006
61048
46890
71962
-75740
27520
-71560
85741
94367
18981
8386
84409
-17133
-45869
48772
52363
97867
-71134
22579
-94845
89983
76261
69049
75198
35812
-73390
71522
-99159
-60840
28165
25812
64014
-19654
-868
53141
-84342
92683
-89121
29743
6533
94529
-99683
-84039
-1872
-52319
-99546
-42825
19495
-59179
-33112
-23624
89319
-40133
54708
34056
-55146
-43309
35086
43680
-97409
61744
-32850
-36815
15186
65356
75405
-90317
20361
66526
3433
52442
-29570
-46488
-26650
-91905
28383
96207
36633
-46842
33635
-55816
-85945
9106
59253
-83115
-49683
29731
7636
-3551
907
-6252
-3200
-79748
68111
76557
87445
77720
-30181
38826
-86773
27061
-60856
-29797
1619
-93619
-19346
52084
20470
16642
-35217
-6112
66082
-50381
83640
3192
4809
-59729
-41994
24670
8097
88986
28562
-17405
86606
37478
-52086
53405
66122
-32468
92133
91040
-21953
34597
41477
96158
-36561
-48483
82136
-60556
-11005
-52240
93895
89771
35895
-80019
-93920
-13753
-38380
-73269
-6961
96291
-44689
-10060
23458
-4061
-7953
-38241
-52772
46438
-8765
-12365
-13159
92743
-63267
-59955
11823
79024
-38839
-23714
17402
9624
50235
67674
-50154
-64309
-97623
60050
37791
-18681
80928
5120
21042
51973
64909
-78206
98149
-5078
54135
36455
73016
70702
-10860
-45284
24237
84531
82134
-35511
89772
67951
36392
-34820
71695
-68166
91841
-4986
-69645
43594
73016
-93351
78548
-23220
28568
21260
-45325
-44364
8411
43622
46637
67653
-45
57383
-46631
78921
-31013
-17748
-66417
15130
11841
69742
-32811
-29975
6181
-1307
93249
66688
93997
97982
-43427
68437
910
99491
-67965
1978
14918
-77563
-69291
68112
-58750
-81332
95266
-29548
41278
-98938
-93527
21776
15765
-61810
-45813
-61959
51982
8867
-17968
-20091
-65157
12384
-10862
-37587
49742
-93938
-93767
-591
74753
88819
-97033
-41593
45024
-2619
28839
-58464
-8593
-62914
-4900
-12623
36007
38687
63804
95861
20224
73977
68387
83150
14689
89954
-84973
-10604
-44494
35065
15227
32084
47431
-31336
-7539
95678
-73678
-7502
60873
-5488
-25279
20219
51602
-97813
-85872
-78017
-65616
-60509
-89145
-17673
73094
40895
89915
-80005
77508
-19627
70639
84482
42255
97037
-84072
-95648
-57654
-99311
-28550
20399
-7631
-39099
-69799
-88075
-81886
-45578
77377
6464
85015
20397
-95290
-26020
-10748
34071
9036
94819
83323
-85951
-2130
39000
92163
-35841
6517
701
10852
-96513
74545
-36872
-7422
-64948
-3823
-11860
-58605
-14594
15465
-2954
14471
-40339
-89860
90518
660
-83965
61093
60322
-53470
-97915
-112
75411
43580
-16994
85473
-93694
7434
-51917
-45266
53011
-16891
98463
74725
63792
-72019
20968
29791
96122
-67435
-6309
-35072
-2862
68062
-62655
89553
33190
93862
-32617
47446
-53076
-44814
80429
-57348
57893
-33732
30642
-8418
95581
13480
-80511
77548
79973
94664
-82191
-67227
58373
50477
21859
90249
3682
97811
-28242
66325
76310
-14150
82390
-36101
4299
-85169
-13129
-45461
84082
57953
1226
55141
-57456
-89194
71480
70091
71397
-37084
-85736
54332
84359
51794
-68534
-61607
66596
251
74128
76751
49193
8324
-59874
-84754
4862
45628
-70730
40191
91091
-94735
23855
-93826
2560
-67138
-4885
95196
-87732
71337
80603
42811
-86237
-95068
33323
81085
-76716
13567
81382
-23263
68134
54332
-17601
-99168
30548
-38904
93760
-33405
34902
31324
-98935
-81874
-88286
37364
-58895
52461
40807
76164
-28438
-59433
54578
-21636
-73864
98584
77069
32293
83738
95764
904
90526
-33765
43970
8627
968
51581
-31712
28794
-78646
-20349
-75069
37081
89820
-11040
-60415
35388
-54015
65788
-73859
-88745
34181
64999
85891
-8996
94060
-21736
24553
33447
-75206
68768
-18811
-54275
87902
5960
40972
82351
-11210
-27358
-91731
93714
-29434
9051
98715
-27658
-99097
75896
-2245
49138
7444
-7519
-38562
45603
-18545
-47472
1828
57843
-1826
15804
40995
-97515
9123
-27551
-15944
-30264
77135
5335
-13375
-49979
-64379
43593
89387
99812
57210
80045
-17200
51000
30352
-98246
21290
-3249
70120
-93972
-76871
-5673
42466
-119
-79479
-63978
87330
-56066
45844
23535
72448
-11470
206
-90381
-79124
8202
90982
97770
-76997
-61203
34864
5324
42660
57375
34189
-28023
-39554
-33715
-40852
25979
-59178
25762
34393
26218
58356
-56881
6377
69861
-31623
53700
-19202
89698
-6161
52800
23683
66686
-92562
-27117
-61722
15896
-45726
74681
-62829
57934
5163
-24433
-66402
98780
-39143
-20693
-1960
-74516
-67399
31108
62915
-14647
-68060
-71504
-12566
-42613
-97203
-42527
-89940
44508
-4982
-63051
-42294
-28742
-39784
-35416
67436
53426
65770
-36795
-57773
-58635
50508
-41116
-11755
62262
-81179
-22674
73160
77377
16075
-85940
-3070
-67468
-94547
32333
-90625
-51679
30951
-72500
-78886
-51542
99873
17160
-9799
-34879
16545
-76583
30975
56336
23535
-80053
19230
-44896
-4245
-99683
35678
-88374
-5997
-77475
-31203
10008
-3993
-29532
-26957
-33184
-12653
48253
-73065
-9434
-94685
-5279
-64277
96614
70984
-46240
-90292
-7104
-92484
-48163
-1150
-86961
-47689
69018
-91836
-66711
-41482
23249
-49197
-73584
-89172
-94601
54539
33847
-3527
-89472
5407
-59546
30664
-76047
-21453
-77189
-78305
25658
-14039
13005
-68054
76654
77609
-32302
56004
54103
-77658
-7669
78914
65240
-87723
46137
41113
-57248
86245
-48896
85765
-540
71278
-64345
-71449
29246
-37647
27811
89437
-99543
-72046
-92911
42799
-54256
-67090
78953
-64064
-790
-14958
2782
-41328
-675
41833
-68246
-45529
-12428
33691
21274
-60403
69612
-68744
-36226
-8903
-70660
-42555
-42701
-5510
95681
-93610
59114
-88741
20206
-88417
-23973
-65278
30919
32678
-98710
70271
28554
93923
23368
49675
10130
-42737
75084
79057
-95580
90102
32117
-42767
22789
27804
-94447
34005
12962
78488
-58317
72777
49653
99889
8318
88198
-58380
-32320
-96194
24206
60500
67288
1093
-42993
-60557
-93510
65616
44798
25872
-99683
6793
7750
-43384
-51453
-65606
-74339
-20541
49927
99627
98374
-95835
-62124
8011
36592
32857
80400
35741
89020
23965
-26766
-35598
88816
62602
-38779
99638
14863
-53638
3789
-35415
17389
57351
32887
-13411
-7658
44975
-75563
22773
10216
-58547
-57789
-44300
57564
-59484
-51030
-24762
-9528
-2604
76926
-72411
-54476
-71176
-4930
88279
-82090
-49616
32414
-35438
-53800
-68394
-26484
-31570
-51074
-27389
-5172
-36567
-11979
75381
-85851
79787
95729
32854
499
-24842
24972
-68845
96905
-60570
-65015
76767
49904
11430
71201
8365
-45938
49686
-82399
-92294
-4967
57623
-83735
68393
-5461
-65267
50233
-88049
37108
-64294
16572
-96511
-8149
38192
-62853
93014
55659
37616
49020
-47873
-34135
-77158
-42774
40038
-98224
91814
-52133
3074
-52007
-81529
50205
67257
-66168
-51945
79660
60022
-43329
42912
-3438
-46181
35140
49423
-67129
33934
-8441
41561
75678
4031
62026
-76679
64302
-44305
-30032
83838
74864
-99888
19421
-77529
2030
69790
93591
-45418
-24458
-45046
42497
51399
-70396
-80027
4447
95419
48381
-50809
-33110
75092
48099
-81910
-13669
-42944
18308
41828
-8954
89281
-15965
99675
83884
86519
73320
77097
-35896
17192
-55392
-25554
-43089
-53232
-46939
-57905
-32831
16301
-55140
86849
-36268
-71064
75967
60882
77646
-48374
6209
78594
-15299
18582
-62076
7801
47498
-94456
43296
84967
-37072
-5943
-37238
61862
-24669
30758
68760
91045
-68649
-78587
95526
-14469
-46523
-29844
-30718
-65231
-47275
69413
91732
-66905
-13041
-87184
97600
-58093
2854
-6946
93962
56340
-50813
-79679
72997
-29360
36207
-43993
33708
7065
-56521
-64002
25734
92295
-72633
81067
-29677
25310
-87613
-90372
-56510
87767
14484
90313
-10788
-55479
-48387
2340
-89778
30723
48130
-16410
41378
45439
59515
-84470
-14892
5394
7907
78160
-57352
-9349
-23065
-64511
14488
-77157
-74978
-71217
26957
12624
-76326
-77124
-12613
-3930
77221
-43073
26764
-25443
-82732
33208
-75249
-39518
96124
51600
-93200
-85093
-51439
12649
-9889
50828
57372
72374
25393
-12356
-56135
29271
89148
76787
-37533
-65875
-26382
73933
-5305
-54457
-89415
-23049
-79029
-48802
-22555
-63682
64954
-58022
-81980
55234
-80019
-97555
-92296
75491
-11363
54116
33383
39572
-20838
96868
84269
67504
-87014
-20699
-88152
-7848
28825
-19517
36257
15278
-39091
-68739
-60736
-9956
16063
-39697
-53594
-84441
-27796
86143
18134
4615
74674
93816
69169
-32780
18436
-3614
-98858
22119
98259
2541
-39888
42548
69198
-4883
-37699
39657
-35365
81727
9140
-28071
-4301
-57774
-86634
-35980
-43455
-99578
23538
-5626
-32737
-46486
67077
28469
31829
-94917
55366
-94621
-73474
84012
-14412
-4684
-87830
-5341
32015
-10346
-9868
-26461
94311
55736
70679
89404
-78069
61980
-7483
-24306
46144
-12792
-77933
52226
75434
-72301
-38129
62922
95461
1010
14372
-46700
-35991
-49280
-24449
7774
22598
67038
-95844
-99809
-7279
-97534
-20100
-88598
17926
-35342
6858
-62355
-93985
-21461
-2805
-87830
83247
68135
82198
41293
-63186
25826
-12766
29203
15329
9000
-37472
35144
87475
85326
-38352
12769
-54637
-30482
11078
-75756
72953
85252
-76159
-86932
-13171
-53600
-45331
-86802
-68314
19382
64508
-14992
80960
3801
-62598
62834
-52387
-38554
-62889
-40369
-8356
12187
54234
-68135
90631
-7920
36661
46217
-77176
-82723
-99608
31948
-4813
-33138
-67529
42267
-20652
82934
-61255
27972
-20661
94098
15544
-48674
-79568
-38437
-94706
-75155
-37026
-6096
5498
-89381
-86236
-16057
60439
-20148
10924
-91499
-79187
47041
-79940
70676
-48643
47196
-74363
-25395
57089
9368
47945
-92524
98359
-73926
-97752
78492
-80653
97071
66121
-9103
-27608
-50150
90780
-8549
-72028
51056
78658
-93327
-23242
-64574
48440
37791
-33549
-37629
19440
69427
-3879
46219
70237
-74704
34037
-26133
-36087
63949
-48955
78085
50320
95980
51266
-25268
65248
-38799
85951
56938
-93368
2922
-16991
29490
-7515
-74503
-11797
-25378
7491
-29187
-80723
-32040
-1656
-17300
-82523
92664
-60602
21761
11876
65238
-66739
-43084
-44958
-45054
-77394
-69736
-78058
-15629
42752
-95441
-3133
32985
91482
70417
-55097
91687
76231
54964
-99637
42591
-61684
-54348
81184
-32659
64124
-67864
39136
23106
16946
-1627
-63245
-90281
52875
33649
78565
-94575
61437
95021
21673
-643
18840
40274
49182
75655
-77273
-5562
-31318
50839
16563
56825
-84831
12169
17169
53746
89666
-86863
47543
-40835
4804
-55099
14394
-29739
-82806
26250
-7080
-11519
44528
-16813
-82269
47266
-72295
34276
-5859
-5301
48781
78841
65241
18813
-86515
63332
-61498
14097
65746
-97820
-22404
-17802
-80941
21869
7049
43240
91859
27421
42131
-24722
-78520
72118
-54925
60614
-68675
78636
79240
-99579
16516
-53846
-53882
-93843
7871
-56947
-38427
-40676
49236
19636
61590
9273
-29062
-52608
27771
-86880
87295
-70944
-52627
-91713
-76759
-34836
95487
-50329
-11556
18669
14466
89982
67692
-93474
75570
52514
51561
-51874
10072
-30410
-43341
-4220
87405
14682
-13415
44147
49025
-65652
34302
-30577
81669
94287
48268
89900
-17353
-58349
95773
99977
80430
24687
-39389
-39237
50668
-98070
10264
72899
-69805
51147
-94036
-50641
-15215
76280
99582
69606
23539
-75100
9288
-90206
478
28139
-45601
46212
56510
25122
87260
92824
23090
62380
-6498
-47126
50878
-94845
1116
13333
88207
-34493
96910
91857
5383
70702
-7195
-37347
33682
65738
22203
-20650
-97051
-65535
69768
-21689
-98051
-20053
50785
4593
63093
-74266
22109
-70825
49892
18646
53150
43132
-95417
53209
86529
6017
-97512
-99673
-46344
27342
20893
-2621
82119
-79340
16813
69615
-96256
-93421
57475
73648
-43278
19309
3626
-8602
-5381
11814
-74820
22368
30723
87731
16578
90248
-76258
-21047
-95798
43197
-85875
-37711
-49531
-13921
-41794
-94181
-13289
59889
-97787
-40775
-66492
-27304
-88391
33811
-58019
-21581
77764
16152
40904
-7772
7768
-89390
-19671
-85513
10173
-40929
-73002
-55549
88707
25466
77344
47308
42940
24033
69655
71589
-27898
-60551
-39695
-18071
58397
40830
-30811
96369
88772
-13651
-65372
56448
56462
-9648
-60998
-47989
-55098
-56909
-66141
11992
-55667
80352
86581
12443
-62848
-77615
-23170
-60652
-8795
26876
-73407
-90086
29654
-34940
-36836
-81525
97838
-27279
-95484
-2666
83537
52483
-56489
-24489
-5916
-32971
-68796
45705
-40864
-53884
64997
88696
-44782
-8736
52002
43656
-98359
87291
61308
67974
-25401
3040
-12150
21435
-37079
-8738
-22651
-58702
10164
-66915
-60721
60593
66567
53011
-68915
-71002
47846
70026
-47587
46347
52262
51381
79748
69
6593
21166
382
65592
-66609
-26093
-81173
60265
93002
34269
-47614
15637
54932
-46365
-20410
9338
25586
89487
-94347
-72101
90548
-45889
82508
-12306
-76071
-69961
-26154
44209
-56413
-58145
1503
54203
66065
82159
-81745
78638
-98555
-66947
-98387
27443
-88794
-90581
12304
31379
-85653
-5995
65561
39377
27486
-6317
93720
-41749
10948
-25427
75584
-19282
-61413
-28090
-17894
-8960
-51647
-19543
73467
-59734
-76029
-59525
12592
-15305
24276
43261
18504
8981
15245
92700
-23207
-9026
93392
40587
-85009
-11124
229
2873
-36619
-56239
65126
-93324
-90682
30354
-64064
-29231
-19604
32918
22276
-83635
-10420
81348
-76967
-79362
-70268
-77843
57908
-3325
-72922
-77518
-84675
20280
-83753
16619
5148
78946
25966
-56920
-17537
84774
-29599
43132
38941
-57905
-94672
-24115
35317
20926
-88830
92340
-92369
-63381
17654
-80520
-55213
57622
-85290
-69423
14131
92134
80093
-24065
-69539
-55184
-72058
-73795
57899
19583
3791
-94899
-83645
-63271
56426
20953
-59527
-36737
-10800
62508
12828
82309
-72403
-76708
-97002
21049
-65541
9821
-85398
-89865
-33867
-63097
22916
-99287
37336
12123
90239
29155
-7456
-7179
18590
88366
-83328
76199
-85746
24170
-70724
29323
-85052
-84069
8901
-10717
-80040
-75011
-39872
-77002
-25465
-40870
-53952
-53144
13748
95039
-63042
55532
68943
42760
-19497
56561
23829
-28562
-7749
-87303
3763
16664
79845
22188
56124
12342
16158
-74686
93491
26037
-14500
32968
-96134
39214
-30764
14176
-13062
29576
84149
45345
-22874
-61448
-33871
-33260
-71226
-77950
37768
10305
56187
-87962
-56659
-94830
-34622
-16302
59587
-46748
66981
64155
-27824
-99781
-72456
-98074
-46265
-5713
-61739
-30749
-26456
48122
-14945
-26765
54323
83762
-78464
91542
-27246
21346
48976
61405
-48470
-81512
-19354
55354
-65429
43639
-88389
84820
55825
7773
-80087
-99891
-42613
-52393
24594
25690
-44247
-5049
-38174
-72764
-64645
-46423
19468
-30285
-89270
-69587
5658
-70069
44449
96034
51366
76429
2300
57592
53880
98368
-48561
69221
-26715
-53967
-56715
-77814
-28694
-52681
82971
8420
7056
-9763
23330
-10660
6796
66480
64943
19890
-52998
-60478
-33719
-51923
-24455
22770
-596
58803
14636
66702
96196
-99610
-22643
78132
96521
75816
99958
32492
67260
-96406
-12550
63808
46819
-78482
73400
57926
-12593
-65634
29085
-33270
-30738
68487
10451
29526
-27660
6064
68913
-93567
-38987
-63863
99905
-20413
30887
-93469
25918
-76140
19520
16471
37698
23463
-92723
96809
31961
-3138
9737
-76510
83240
-20681
89849
-88752
33634
84554
-45516
-69187
15643
40431
85993
-92511
-11770
76138
-3405
-9180
35587
-23351
-29942
-71739
-1184
64201
80795
-89427
49213
-64050
83106
-97033
71748
51554
-66308
57202
-56181
-90360
16822
-65455
-86009
79363
-9215
97166
45134
-38179
-83441
-3730
-99677
59459
86181
-9184
-34704
-77728
71482
-80910
-61312
78068
-73340
59631
24926
-2523
24431
58742
37541
-66247
-86712
-4369
8514
-30079
28454
-21482
24682
28372
-24578
-34247
54095
67381
-86990
23646
-32315
47833
-27692
40132
79074
39859
-56467
6062
-74222
73078
-78051
29546
-69939
-6541
65255
20365
-26588
44524
-22697
-92579
43551
-84791
69152
46817
-58180
62565
-16446
-32359
-89040
-72386
-47418
-40673
63533
57231
-94820
31818
-36295
-95852
10451
58614
70683
24380
10314
-45493
-51231
90084
86682
-57454
-84992
-99811
-48211
97138
-5251
76822
-3587
-17395
38176
-96202
-31873
63494
-87017
-46392
71271
13036
-44132
-25550
85004
30662
-91544
-79330
-91383
30550
-55003
73938
90448
80880
94461
-50224
6894
-17168
-20962
75991
-69606
43735
-82041
-19262
45161
56852
-16727
-56943
-25481
-51211
-37834
-35191
-35639
3680
-29593
-6935
81054
-74394
47158
99689
22537
38606
-98303
43923
-63427
-33060
-31563
-48694
45827
69861
-5232
-33611
75258
-94810
82069
-98183
95615
-49342
-34571
-29875
-64809
37373
-50593
64570
-48009
-49593
-22596
-59866
-50295
-8822
52089
91843
-7032
-96544
-50548
-33588
8415
97263
-514
77339
-89517
-33681
70947
61442
86218
-58697
64212
85124
16103
-86104
63518
-76920
42537
85641
-930
-79278
-1185
-87979
-38291
-45382
10752
41559
16978
-95997
-54748
-38181
97625
89594
-29349
78707
-73989
9035
-95160
-48674
-93846
49937
-42858
63401
-10564
35662
-38292
77326
-65372
98360
39155
92856
-26664
33078
61616
-25178
-36679
94307
-84309
19386
-50609
-17770
3534
-1759
6691
89574
29788
27369
86243
66017
-8917
-84828
82979
-43126
21210
4056
-99911
-6346
-26642
18844
-66134
-74823
-17575
92256
-32272
90529
18566
44096
-39485
-84129
-11030
95261
94339
77519
-82675
-65262
-2556
72473
8504
48936
-44153
8958
64347
4742
-26067
97097
-97226
22124
-7187
53897
-97559
90920
57492
95789
-69796
28669
-70917
-50698
-36148
-87075
37403
-71833
14061
43437
834
21656
-72278
-49859
-28950
-11384
24207
-6222
8028
-94334
-32893
57155
-89990
-74653
24922
3650
63449
58834
2776
60583
-41794
-42422
-69630
-97835
-56475
-22671
-3075
-14338
-73056
-45465
-96144
46502
-20690
44136
47214
-22109
-22080
87573
-89973
-67987
99189
3141
-45907
-55146
-20977
-24694
-6581
-21963
-25384
-81078
-96814
-21172
-76862
-16543
71393
-63049
95790
68744
-19418
-64448
-5149
-59487
-12620
-83402
-55394
73945
28601
36954
-94094
-95551
93791
-89394
-14835
96096
-38521
77153
85904
5653
63631
19856
94320
-27580
34562
77131
35366
46091
-25212
10902
54220
74383
-68397
-59642
65731
-29643
73246
-12558
-87617
-28503
-53937
72586
31266
-55151
-51280
-39062
49360
62766
74828
43338
-74817
-64804
95406
6753
-90931
-82440
26210
-82366
-83839
-40143
-30957
-84039
-69349
24114
-48999
35645
69023
-38700
-38899
19989
-95263
91402
79195
-6281
16245
88724
-2952
-98835
-16030
63592
55008
-44605
-45695
-45124
-72209
-15781
28084
36395
48775
53378
-93441
4543
-62861
76656
83756
36768
91064
31445
-98303
-89596
-28269
-10854
-98526
42218
-63989
-76571
-3430
-91813
1425
-91921
92693
-72566
74299
-27218
85370
-73446
91815
59170
58815
93899
97370
38078
-99849
-5345
3280
-19330
-89820
9547
29644
-77825
71236
46446
-84456
90185
51340
-18564
53748
35610
66069
-41176
48994
-16035
-87495
-66997
24431
-77803
62569
83280
2016
-69111
-18445
33494
33041
-46289
50951
-63092
-16223
52443
-92135
49157
-41865
67260
-29534
-9184
17559
-70777
-85296
54151
83194
49787
75082
94914
83897
91202
25442
-27498
77948
-74760
-51535
-98887
-53932
25133
-82098
-91367
-15932
-22941
77091
-4787
-8558
24404
-94666
-43819
-92749
96027
92406
-4148
-80043
-95538
31806
-46637
58313
-72924
58874
-27924
-89614
27950
48076
27011
-77689
68916
-4502
37432
64988
88482
87492
19366
66946
-12138
-62909
-41407
-45053
-68701
-53689
31465
-7457
-91151
14096
8065
1167
55056
-13452
610
29544
16223
-83955
-96692
-64270
32717
-23104
2657
-67565
2677
-71632
59629
-92565
68019
90671
-90980
-33373
-31611
-56637
80221
-11469
17196
45201
-18667
18760
-48348
-44576
-37496
88399
-49068
95047
-4933
-17102
60881
-29903
-80826
-85895
-57012
65749
20835
-98595
-66310
95821
76000
98173
-71057
39731
-56405
-85633
96057
-52482
34760
85631
60960
14501
-74974
-89350
45616
40556
8310
94236
-38980
-28914
-80267
-81894
49046
-63394
75088
96282
14743
-88223
31572
-76376
52432
-823
95331
-10833
68870
9660
19857
84477
57506
-1413
-20951
56284
4794
33916
99223
65405
-79538
-52902
-55127
39844
-38249
-79018
-34439
-68380
-94373
3557
42344
-10262
29780
-37445
-96920
67834
-15218
-64026
6398
13470
-94156
-19317
33357
48671
-79730
59336
-85506
-14187
46630
5556
25614
-84381
72529
-74211
-53677
-73806
85833
-5411
55609
-26399
64906
90507
-9045
39721
-64528
-25030
6869
55098
33802
50307
-46545
-8985
-35969
40030
96739
38801
-73864
-71543
-33925
67570
96021
-18073
38520
33745
-55812
-97858
-4065
-25326
87929
-2567
61558
44974
-73091
-30120
62357
2068
6469
16273
-77538
57946
-13715
55291
-77783
23814
48745
23763
-32387
75313
-59523
77087
51956
582
50803
-78501
92945
-60906
-97020
77437
-74557
93145
-32994
-4536
49789
82961
-88124
1293
-79517
12754
64880
-83293
-90724
41326
58232
-83346
26927
-91015
76483
-5276
-65193
-68342
59623
-61539
-85602
-1962
-26662
7683
84411
-4628
53100
-47143
60850
-55209
44894
42670
95827
-40533
68999
1441
-87244
95730
17153
17310
-67797
95426
21260
-43589
73880
2993
-76405
72567
32416
-28792
59064
-82001
2769
-91504
59348
-88048
76167
37374
22281
-28303
-94065
83228
-19289
-34032
23324
-30477
-53693
2260
-37980
-99408
-19685
-56869
-91206
86458
-45951
-48230
54540
-78705
-4367
2164
40021
18694
-74290
-44167
-28435
5113
-85468
39935
-39475
-80545
54451
-51789
-84744
-4224
-68345
-17262
89802
6118
-43928
-62452
-63197
83979
17493
-32019
45104
-76979
-25141
-6096
-61519
-9665
-15646
59125
28528
50979
53087
-59207
34994
-93080
-34517
-96528
60537
46968
-93340
41195
-53550
-25609
85934
-99175
77
57772
57985
-215
61006
-21171
36669
73642
-33858
3315
-94386
68781
-38965
-87287
75350
-69272
-33886
58309
2680
31464
52508
-51691
-81457
58698
57798
-24322
-23708
-59106
-29570
-52528
83711
50177
-68898
26211
-14485
-94475
-26661
47301
369
-58074
-39150
-75241
31575
88939
65683
-45664
69997
-55610
54478
20581
-21595
67186
85760
80064
-92867
66502
78606
43549
7476
-78412
7796
-84029
-64303
59474
-23855
46707
17396
52928
20808
96868
67634
45149
-55960
97446
-89885
41445
82293
-79838
10479
88822
79507
17316
95680
-14613
-64042
49377
-32598
75075
77756
98143
-71082
64108
87975
85456
-93383
70872
98242
41772
75696
-10562
-95037
96367
60394
29411
-2800
11970
-99832
94575
-81737
-36194
-96648
-56768
405
-39823
-93328
-97904
-15103
8424
-22433
-93894
55546
66172
2818
84537
-21893
-19630
3506
74435
96389
-56438
-24694
-84595
85398
70318
-57999
-63395
82504
80601
56572
32706
-4608
-87204
-42034
22158
-9510
19027
40980
-90353
22159
-28290
-21395
-90185
87101
50743
52919
-51167
15865
45617
75776
-55807
-39060
28639
-67476
92617
-19019
-77433
39560
-48764
5160
-23697
-38516
-13008
-74761
-59610
-34050
69797
-68758
76842
62548
13580
-18992
52796
38227
-39429
71952
-89125
40892
92869
27468
51875
-1642
