900
500
260 350
83 88
261 535
126 103
182 562
348 597
370 243
42 95
74 83
42 54
147 138
310 727
114 71
65 221
3 2
123 158
54 57
333 737
312 109
297 615
177 292
88 173
274 639
153 368
7 9
304 62
153 272
181 271
85 140
260 143
36 22
251 440
18 30
22 55
240 241
25 3
178 254
180 169
123 97
345 219
384 216
243 597
219 262
202 150
179 560
90 84
144 74
58 49
92 181
316 1318
125 393
12 36
113 14
157 104
229 375
93 146
174 2
317 628
232 337
327 127
140 352
109 265
368 261
12 2
207 5
126 189
51 24
107 78
139 379
85 52
61 69
258 257
343 317
292 576
292 380
160 748
17 24
382 33
160 255
98 41
232 154
66 274
172 4
12 9
353 596
154 177
107 406
84 360
243 121
380 416
163 530
204 20
352 99
313 993
190 360
346 811
352 711
47 30
132 323
274 294
306 369
101 83
197 132
50 17
258 396
264 246
20 11
146 429
120 139
66 112
73 248
71 243
111 7
90 297
104 506
312 291
153 243
182 389
254 101
85 24
87 77
101 67
357 1051
249 708
142 118
301 50
328 247
125 107
307 114
241 210
341 421
117 68
393 480
45 118
219 545
203 195
264 811
290 441
162 351
238 163
326 444
108 292
300 51
388 629
91 69
323 150
256 166
174 43
153 229
307 549
119 324
164 336
310 514
45 8
329 334
326 1233
366 391
13 38
177 186
148 231
199 330
395 66
361 392
147 257
74 34
44 82
341 657
93 104
277 800
276 114
334 656
24 20
222 32
127 158
206 240
173 19
377 496
142 89
216 454
372 105
34 65
316 744
245 301
68 133
290 539
258 517
176 176
30 22
229 578
143 463
268 595
250 212
131 181
37 84
50 80
167 51
55 10
45 22
309 464
222 408
56 11
190 588
12 7
296 614
278 309
175 547
309 411
47 77
318 39
204 186
11 12
383 345
279 188
127 2
63 317
152 817
175 937
197 338
264 370
98 133
298 571
144 173
42 119
69 6
24 68
258 592
393 19
365 479
330 406
190 403
329 592
162 185
47 56
75 105
258 72
350 1056
173 234
69 228
298 857
284 229
177 159
242 525
88 286
305 264
11 19
253 26
141 326
35 63
293 741
291 18
111 9
158 288
175 326
183 152
360 504
299 539
19 96
160 120
330 28
398 287
189 186
95 40
83 6
9 5
205 828
180 182
381 699
257 604
310 833
357 659
143 410
30 26
361 289
83 206
267 558
287 719
290 666
237 159
56 8
86 106
135 50
158 25
317 813
327 955
371 355
209 124
23 30
86 178
330 467
25 137
106 47
387 89
397 5
264 74
234 778
167 189
221 8
227 172
231 167
325 147
315 397
210 385
91 99
258 158
129 80
25 121
128 196
76 41
214 514
56 172
320 538
158 267
4 5
160 335
141 205
337 777
267 151
318 851
217 85
364 738
159 201
129 390
79 199
113 198
242 111
71 193
349 833
204 11
398 707
194 33
93 115
22 33
91 84
228 666
298 656
303 719
206 530
353 27
57 10
86 153
131 148
210 277
1 3
321 675
79 123
253 126
116 217
231 548
155 127
11 24
257 247
108 223
132 381
245 317
168 406
178 555
379 343
176 278
5 4
138 119
341 507
8 12
99 261
229 269
370 734
209 290
95 123
138 98
71 90
52 164
295 15
182 141
323 360
58 27
216 541
250 162
162 50
269 438
151 58
300 524
56 185
253 469
363 1080
215 632
275 431
336 844
188 332
260 61
400 688
242 553
44 48
50 111
164 420
183 63
110 203
134 239
251 285
170 105
87 27
339 487
2 8
60 187
108 301
296 453
241 209
305 69
104 221
215 211
345 496
24 2
101 271
148 131
37 97
242 263
364 419
394 414
214 57
389 485
212 298
327 22
61 78
200 202
201 666
373 171
18 31
102 204
95 115
205 478
273 317
118 226
383 1225
230 583
398 178
382 760
162 51
193 672
380 1625
168 73
78 170
107 175
371 863
83 118
88 24
304 294
48 97
299 511
21 21
99 156
368 464
208 309
335 135
98 160
20 47
213 711
59 14
64 31
223 648
131 19
222 168
21 1
316 434
126 7
42 46
269 765
86 149
329 379
160 180
195 72
269 335
384 14
179 183
193 22
19 1
393 353
223 140
329 29
162 166
315 198
257 458
225 145
183 230
229 238
287 238
29 24
315 414
330 506
92 316
210 247
59 71
101 108
331 193
370 63
315 646
385 752
28 54
218 369
391 1260
154 162
139 545
142 116
