1000 500
79887965 33
52235281 38
44617376 60
83740252 130
17408939 84
66965970 46
77240996 91
14252631 31
50360298 63
25629561 70
80470828 32
37269531 34
45079278 87
14252631 40
49098703 43
33648067 58
16337423 57
97815725 49
37947044 138
31961290 61
17408939 45
19540689 93
76042245 89
25629561 62
23639756 120
83740252 90
15230058 167
37947044 88
94675477 43
25629561 141
33648067 58
47776768 107
13695027 117
82396295 65
23639756 76
63308921 93
49098703 58
83942152 98
78782759 112
83740252 198
45079278 36
15230058 155
87596820 35
11606873 48
47776768 64
50371337 57
87723802 32
15230058 199
15230058 176
73342411 67
90255426 79
13695027 53
96605874 65
31961290 113
10166618 99
25629561 51
62601368 71
95251989 50
15230058 46
96605874 172
14981976 26
56440505 116
63308921 103
56440505 118
50371337 43
84337138 25
40334689 37
90255426 86
92397977 151
21611341 53
13695027 36
89158630 92
82396295 109
87209098 40
83740252 177
80470828 71
63308921 37
97815725 36
52616440 32
37947044 143
68517181 59
17408939 77
50360298 59
96605874 132
25629561 127
37947044 147
68517181 72
87596820 174
94966933 53
19540689 117
61763445 36
90255426 38
78782759 104
87596820 166
92397977 159
47776768 84
41643757 28
21611341 69
68517181 55
15230058 151
78782759 123
92397977 195
95433486 43
37269531 49
71814353 41
14981976 71
95433486 71
79887965 105
87596820 125
23256567 67
23256567 42
44617376 49
71792152 37
80470828 60
71814353 124
96605874 123
79887965 63
31815922 127
52616440 116
23639756 48
14252631 47
92397977 71
10166618 77
56440505 106
63308921 63
92397977 158
93421613 85
33648067 67
44617376 124
56440505 98
78520803 61
41643757 40
89158630 70
92397977 36
23639756 67
95433486 53
12824309 36
83740252 34
93421613 61
17408939 30
92397977 89
86285904 45
17408939 55
31961290 102
78782759 79
14252631 60
46160172 52
56440505 30
92397977 171
94675477 68
79887965 103
78782759 80
79887965 150
13695027 67
63308921 90
79887965 57
92397977 132
77240996 67
19540689 125
76042245 32
82396295 102
28057374 37
14981976 51
77240996 109
67441391 84
10166618 52
79887965 185
67441391 126
52616440 87
12824309 35
95251989 107
93421613 42
77240996 156
95433486 79
77240996 51
79887965 45
31815922 103
63597377 35
31961290 65
95251989 96
14252631 84
25629561 44
79887965 177
15230058 234
68517181 75
21611341 41
20357889 61
44617376 117
31815922 75
78782759 83
62198197 51
79887965 64
56440505 127
96605874 70
10166618 58
52616440 85
62601368 28
25629561 138
40334689 59
56440505 78
89158630 42
83740252 131
92397977 58
56440505 157
45079278 62
13695027 138
78782759 134
28057374 55
78782759 63
71814353 49
15230058 68
37947044 127
13695027 72
87596820 59
80470828 130
33648067 37
76042245 38
19540689 84
82396295 34
96605874 45
10166618 89
87596820 126
14981976 40
14981976 122
95251989 28
47776768 94
87596820 44
77240996 34
56440505 159
83740252 101
28057374 52
76042245 111
89158630 119
62601368 81
87596820 188
67536438 50
63308921 53
84337138 45
89158630 100
78520803 30
96605874 92
49098703 80
13695027 142
50371337 93
14981976 56
21611341 45
67441391 132
15230058 49
89158630 149
80470828 141
79887965 184
96605874 99
40334689 65
13695027 55
11606873 36
11606873 34
71792152 54
23256567 29
46160172 63
23256567 88
79887965 33
47776768 84
83740252 139
93421613 71
82396295 45
56440505 61
80470828 46
87723802 31
67536438 43
95251989 79
56440505 168
45079278 47
83942152 91
37269531 33
37947044 76
15230058 163
19540689 43
31815922 50
16337423 52
63308921 48
71814353 89
67441391 60
14252631 93
92397977 182
41643757 47
43068317 58
38788494 46
83740252 106
49098703 25
45079278 44
14981976 61
43068317 97
23256567 45
50371337 100
95433486 90
87209098 79
90255426 69
10166618 75
93421613 71
37947044 150
80470828 121
71792152 63
63597377 59
95433486 42
14981976 33
31961290 95
95251989 61
86285904 63
62601368 49
11606873 36
62601368 59
83942152 80
85318663 58
87596820 117
52235281 29
37947044 116
76042245 50
23256567 77
45079278 77
76042245 68
15230058 36
86285904 117
23639756 106
68517181 74
82396295 133
73342411 66
82396295 94
68517181 35
31961290 85
71814353 131
40334689 87
96605874 57
45079278 97
15230058 120
86285904 104
58859540 47
23639756 87
84337138 30
68517181 81
62601368 68
87596820 73
87209098 74
89158630 145
83740252 149
21611341 47
93421613 70
31815922 79
15230058 182
19540689 133
68517181 43
31961290 41
89158630 77
68785439 30
13695027 128
55093056 26
47776768 46
55093056 32
19540689 55
94675477 32
15230058 133
87596820 133
41643757 37
89158630 173
47776768 66
90255426 112
67441391 87
31815922 59
37947044 151
49098703 37
37947044 34
62198197 44
79887965 165
55093056 44
83942152 37
74381109 27
89158630 60
47776768 58
71792152 44
79887965 189
17408939 56
83740252 82
84337138 51
14981976 112
87596820 147
33648067 48
23256567 72
46160172 72
52616440 66
73342411 62
23256567 58
44617376 84
21611341 28
89158630 127
96605874 104
89158630 162
31815922 121
83740252 116
49098703 72
94966933 29
41643757 60
71814353 41
79887965 43
14981976 45
50371337 51
71814353 37
96605874 115
31815922 28
25629561 44
25629561 58
77240996 60
31815922 30
87723802 87
44617376 37
68785439 73
68517181 83
38788494 53
80470828 116
31961290 105
17408939 44
40334689 79
13695027 117
92397977 48
80470828 46
71814353 50
47776768 162
83740252 122
85318663 80
87209098 33
25629561 132
47776768 87
49098703 58
83740252 153
67441391 114
87596820 55
68785439 52
15230058 52
45079278 61
95433486 97
80470828 74
90138353 41
67441391 93
87723802 67
23639756 53
63308921 124
13695027 115
33648067 106
77240996 82
71814353 56
23639756 39
79887965 159
11606873 42
79887965 92
15230058 79
11606873 38
94966933 30
31961290 50
23639756 125
68517181 34
92397977 100
16337423 43
44617376 106
45079278 64
15230058 92
90255426 33
37947044 56
47776768 35
86285904 53
84337138 33
50371337 69
86285904 113
87723802 44
83740252 187
43068317 95
31815922 84
14252631 49
62601368 79
71814353 81
21611341 57
89158630 75
33580032 35
50360298 44
31815922 88
33580032 27
71792152 104
94675477 64
25629561 62
95251989 72
10166618 63
63308921 91
71792152 33
93421613 29
71814353 117
13695027 98
19540689 104
44617376 63
20357889 58
80470828 97
50371337 67
56440505 86
76042245 78
87596820 37
33648067 77
63308921 25
79887965 120
23639756 100
78520803 52
19540689 64
64727783 46
47776768 119
52616440 94
95251989 80
46160172 31
90255426 57
56440505 118
95251989 81
44617376 59
14252631 91
79887965 200
73342411 70
31815922 71
15230058 174
55093056 37
43068317 76
52235281 25
58859540 68
95251989 38
77240996 152
56440505 69
45079278 34
58859540 58
52235281 37
67441391 150
96605874 152
71792152 98
90255426 27
77240996 126
17408939 89
86285904 34
17408939 40
14981976 80
87596820 113
55093056 37
94966933 60
71792152 86
67441391 116
66965970 52
68785439 63
15230058 188
68517181 57
47776768 38
85318663 64
50371337 78
85318663 33
14981976 81
52616440 44
87596820 140
23256567 48
87596820 58
92397977 125
37947044 106
68517181 70
61763445 31
77240996 43
78782759 75
89158630 82
50371337 57
93421613 71
84337138 48
84337138 48
31815922 117
23256567 44
87209098 65
68517181 70
43068317 64
80470828 51
63308921 47
63308921 113
37947044 94
46160172 42
79887965 131
93421613 34
31961290 113
87596820 85
83740252 46
14981976 88
63597377 44
15230058 109
28057374 34
21611341 64
31815922 109
52235281 36
14981976 104
67536438 46
78782759 140
64727783 42
79887965 29
83740252 148
83740252 161
68785439 30
87596820 96
40334689 63
25629561 99
82396295 75
77240996 58
97815725 43
16337423 30
77240996 100
95251989 38
67441391 31
78782759 43
83942152 56
80470828 42
96605874 147
44617376 84
85318663 43
71814353 101
10166618 34
86285904 99
85318663 54
33648067 43
62198197 48
37947044 68
96605874 135
87596820 71
50371337 112
86285904 46
49098703 72
83740252 103
62601368 95
94675477 42
87723802 75
76042245 95
87723802 84
14981976 75
67441391 155
94675477 72
62601368 91
67441391 90
56440505 144
95251989 107
83740252 167
68785439 43
83740252 41
71814353 61
95251989 87
56440505 41
93421613 45
95251989 116
67536438 34
62198197 75
94966933 60
89158630 139
38788494 35
50360298 66
50371337 119
40334689 47
76042245 60
94675477 27
47776768 150
92397977 118
78520803 67
66965970 42
74381109 29
67441391 72
78782759 99
80470828 35
78782759 30
89158630 51
96605874 36
52616440 55
44617376 95
82396295 124
23639756 43
20357889 46
83942152 44
25629561 109
84337138 25
90138353 33
44617376 25
87596820 175
21611341 37
94966933 41
47776768 139
33580032 41
58859540 36
47776768 129
13695027 42
67441391 31
19540689 109
87209098 68
76042245 55
79887965 200
15230058 223
79887965 112
41643757 28
85318663 49
67441391 102
78782759 54
45079278 66
86285904 81
37947044 31
15230058 152
89158630 107
94675477 52
90138353 60
31815922 92
78782759 73
19540689 78
10166618 41
89158630 35
62601368 38
82396295 115
87723802 96
14252631 94
63308921 70
37269531 36
44617376 136
71814353 112
67536438 43
28057374 65
15230058 130
37269531 42
76042245 86
56440505 53
56440505 149
58859540 30
45079278 58
40334689 103
45079278 44
28057374 53
93421613 74
87596820 158
45079278 69
87723802 59
94675477 42
15230058 61
74381109 40
62198197 63
66965970 44
79887965 37
74381109 31
56440505 141
43068317 30
93421613 41
79887965 139
19540689 69
87596820 183
28057374 81
71814353 106
55093056 52
90255426 48
83740252 70
20357889 64
83942152 59
83740252 58
67536438 26
92397977 79
15230058 80
31961290 104
67441391 48
63308921 79
15230058 97
25629561 83
85318663 39
64727783 35
82396295 88
50371337 44
61763445 37
47776768 115
31961290 73
14981976 85
68785439 34
45079278 76
74381109 40
49098703 65
82396295 84
23256567 37
23639756 27
79887965 73
25629561 135
92397977 63
55093056 63
95251989 102
87209098 80
87209098 81
31815922 35
73342411 43
84337138 27
68785439 68
56440505 130
19540689 77
78520803 33
87596820 101
33580032 48
90255426 100
80470828 77
33648067 86
10166618 67
13695027 86
95433486 60
63597377 48
79887965 112
41643757 30
25629561 92
92397977 147
83740252 47
49098703 33
44617376 122
94675477 51
92397977 29
49098703 52
92397977 107
85318663 55
73342411 31
62601368 26
40334689 70
68517181 81
61763445 48
28057374 72
80470828 28
67441391 43
50360298 48
71814353 41
19540689 64
79887965 81
83740252 57
58859540 25
52235281 32
66965970 27
13695027 98
50360298 72
13695027 78
90255426 40
43068317 88
95251989 122
95251989 29
95433486 31
71814353 80
31961290 31
73342411 61
71792152 73
43068317 102
85318663 60
14252631 79
77240996 152
43068317 103
45079278 47
82396295 53
87209098 53
87209098 46
50371337 81
16337423 42
31961290 108
80470828 88
80470828 107
90255426 97
33580032 43
86285904 72
90255426 49
74381109 34
28057374 35
62601368 66
37947044 68
17408939 55
12824309 49
83740252 122
28057374 82
41643757 57
25629561 147
67441391 164
25629561 80
62601368 105
47776768 106
77240996 145
15230058 137
52616440 78
52235281 35
77240996 74
79887965 112
71792152 103
31961290 104
77240996 136
83740252 58
92397977 107
40334689 99
43068317 44
23639756 94
56440505 85
21611341 56
67441391 144
61763445 60
12824309 41
94966933 36
83942152 25
76042245 93
68517181 49
25629561 121
79887965 105
14252631 33
68517181 34
38788494 53
92397977 193
78782759 87
23256567 62
62601368 87
49098703 63
78520803 46
37947044 53
94966933 36
71792152 79
76042245 98
73342411 51
71814353 70
13695027 104
77240996 35
38788494 58
15230058 211
76042245 107
94966933 43
25629561 35
83942152 93
87723802 54
63597377 30
55093056 46
89158630 159
67536438 55
47776768 64
52616440 106
44617376 73
93421613 56
19540689 33
85318663 51
78782759 37
31815922 139
68517181 98
90138353 53
31815922 46
17408939 65
47776768 125
63597377 69
78520803 42
15230058 195
68517181 108
86285904 93
50360298 35
23256567 74
96605874 163
10166618 54
85318663 74
10166618 78
62198197 35
12824309 48
78782759 100
43068317 51
15230058 243
68517181 87
92397977 31
15230058 145
17408939 69
23639756 109
40334689 110
14981976 99
80470828 66
31961290 109
77240996 118
66965970 38
50371337 34
47776768 78
45079278 93
87723802 91
33648067 95
78782759 145
92397977 34
64727783 40
68517181 70
10166618 48
37947044 42
74381109 37
67536438 44
28057374 44
83740252 202
66965970 54
76042245 69
14252631 71
47776768 118
79887965 51
40334689 52
83942152 70
95433486 65
43068317 35
23639756 62
68785439 66
83740252 69
96605874 80
79887965 36
80470828 94
92397977 141
20357889 36
44617376 80
10166618 108
