322200 100 1000
140555 140597 
187705 187778 
230526 230624 
101201 101297 
184602 184683 
164387 164458 
274225 274261 
319114 319129 
275231 275263 
144919 144954 
285090 285126 
78103 78166 
230132 230167 
171690 171790 
307796 307857 
55302 55358 
181462 181494 
275278 275313 
319192 319240 
12686 12708 
126260 126293 
61681 61729 
462 549 
146870 146951 
154550 154646 
140815 140828 
217746 217762 
259888 259917 
62207 62304 
61462 61543 
318959 319050 
159539 159586 
27123 27158 
61285 61349 
130163 130258 
14346 14416 
243551 243603 
311264 311293 
90696 90717 
293793 293804 
88246 88292 
118809 118850 
215065 215150 
113545 113562 
322053 322149 
122014 122094 
61370 61382 
90933 91019 
223632 223703 
289938 289995 
222172 222227 
19769 19798 
201266 201338 
4208 4275 
313160 313203 
185310 185378 
51528 51591 
179525 179546 
49635 49720 
303722 303776 
236800 236888 
186591 186635 
267504 267584 
75666 75693 
92988 93066 
84961 84983 
46228 46245 
318129 318200 
5060 5158 
37502 37554 
145637 145709 
240582 240671 
121347 121403 
66307 66332 
197753 197815 
315769 315817 
232404 232485 
216970 217050 
21225 21273 
297483 297497 
161130 161151 
178864 178883 
290419 290487 
147783 147852 
182889 182956 
80193 80276 
165437 165509 
89585 89648 
200716 200790 
84433 84490 
247213 247233 
38505 38515 
141772 141851 
89992 90011 
302004 302062 
116654 116677 
298689 298705 
84800 84857 
135745 135826 
32106 32148 
298044 298114 
210526 210601 
157872 157898 
58922 58981 
266335 266390 
113899 113927 
164605 164663 
36495 36539 
96801 96885 
316788 316843 
81554 81620 
74619 74643 
186077 186177 
29310 29368 
188839 188926 
277769 277868 
265773 265853 
226886 226927 
106067 106094 
257326 257422 
43616 43630 
87107 87137 
259951 260033 
117152 117249 
48077 48149 
243689 243764 
46777 46841 
245767 245811 
43893 43937 
134994 135024 
73365 73454 
139099 139180 
113789 113852 
13938 13961 
239341 239407 
73873 73960 
262000 262041 
245445 245475 
237989 238044 
112724 112750 
131525 131542 
313972 313997 
190773 190801 
167140 167216 
223903 223944 
5957 6056 
122566 122586 
56129 56186 
25974 26006 
6566 6627 
42102 42143 
231337 231354 
212747 212824 
166667 166741 
267988 268046 
34087 34119 
304788 304847 
78894 78909 
38951 39033 
66156 66174 
117561 117626 
146211 146291 
114606 114650 
132631 132665 
221414 221427 
309258 309313 
255783 255821 
191245 191308 
56333 56355 
164004 164057 
273564 273588 
211737 211791 
241929 241972 
204344 204443 
192050 192090 
228412 228458 
224477 224543 
197136 197199 
301395 301489 
74407 74450 
295500 295544 
172596 172635 
136991 137071 
197694 197725 
271733 271808 
211214 211249 
124229 124299 
15516 15565 
109145 109203 
150862 150961 
11267 11309 
214660 214709 
202934 202970 
34412 34423 
171109 171153 
192272 192296 
123562 123586 
317778 317813 
282999 283041 
141642 141690 
118142 118180 
69735 69829 
33013 33076 
155454 155526 
264399 264437 
254926 254940 
1005 1084 
44780 44830 
170226 170324 
59105 59175 
198565 198582 
136495 136505 
275927 275964 
1886 1960 
105004 105015 
305313 305363 
27380 27419 
26697 26756 
282870 282909 
53081 53172 
155803 155897 
319775 319862 
240077 240112 
302831 302897 
264763 264837 
40405 40465 
179340 179434 
122702 122748 
137620 137700 
194484 194495 
92438 92519 
68187 68203 
120951 121008 
15231 15325 
103663 103727 
304372 304437 
7741 7825 
6998 7028 
195180 195245 
64134 64188 
179820 179879 
208579 208616 
151652 151668 
314346 314371 
148573 148659 
209983 210026 
143615 143678 
278189 278229 
28296 28370 
206225 206246 
260058 260121 
256998 257061 
133416 133449 
299427 299461 
17527 17625 
34497 34591 
236329 236356 
111609 111695 
19274 19357 
52020 52089 
180780 180792 
155563 155610 
249586 249622 
38373 38443 
231850 231906 
135258 135270 
241756 241843 
252771 252798 
42992 43081 
237717 237742 
154940 154960 
171246 171292 
95899 95912 
144185 144226 
130375 130456 
205984 206060 
49210 49265 
158986 159067 
106411 106451 
245040 245086 
186295 186317 
183587 183609 
159995 160063 
186510 186537 
318328 318421 
260464 260544 
31145 31205 
42625 42644 
119314 119361 
272024 272035 
159783 159816 
1435 1461 
35693 35715 
209587 209628 
252374 252444 
297262 297350 
208110 208191 
270984 271021 
13496 13539 
86520 86588 
269490 269509 
280168 280259 
82679 82693 
137560 137610 
316241 316288 
300457 300542 
68130 68172 
185854 185934 
129734 129821 
252090 252181 
174667 174763 
227983 228048 
293944 294003 
238382 238481 
284535 284562 
217422 217468 
320136 320171 
152043 152127 
283512 283549 
259322 259420 
23707 23798 
190308 190389 
58223 58286 
307485 307530 
294420 294434 
198278 198350 
201670 201765 
55617 55640 
43284 43372 
89049 89084 
235597 235624 
93334 93428 
169702 169776 
318221 318252 
213871 213888 
201893 201911 
54224 54263 
301803 301855 
271473 271486 
79202 79288 
187287 187307 
222667 222738 
48797 48894 
165799 165839 
281371 281408 
192174 192268 
317656 317687 
247593 247631 
46173 46192 
54624 54691 
132442 132515 
68482 68507 
59701 59778 
105545 105570 
229509 229599 
12778 12869 
32607 32644 
254737 254828 
20670 20710 
45139 45190 
317607 317653 
85377 85423 
60804 60845 
108392 108404 
39967 39977 
76463 76563 
306886 306904 
210609 210708 
315020 315108 
149834 149919 
20124 20152 
104139 104196 
60271 60300 
229790 229852 
127500 127563 
9079 9179 
200552 200564 
205713 205737 
168177 168237 
10118 10175 
321912 321994 
131823 131895 
233050 233149 
243176 243254 
110798 110832 
246137 246189 
210397 210420 
28695 28754 
253589 253618 
78211 78301 
132228 132299 
173709 173729 
82826 82854 
81152 81168 
83715 83783 
45430 45465 
148013 148035 
134669 134718 
281561 281630 
232669 232689 
223004 223095 
124773 124798 
146421 146447 
226426 226504 
174293 174381 
117771 117824 
300348 300414 
18264 18322 
93820 93887 
24577 24592 
262601 262697 
149431 149485 
119937 120016 
219981 220019 
75996 76061 
265145 265223 
321053 321099 
203544 203594 
158367 158448 
134869 134940 
30328 30363 
306473 306511 
297607 297679 
132806 132889 
286829 286857 
253897 253951 
284173 284224 
152991 153023 
163490 163530 
160629 160675 
65543 65632 
312048 312142 
52 64 
260663 260733 
13555 13571 
128547 128559 
236748 236774 
121716 121802 
160280 160372 
11735 11809 
246975 246992 
199474 199503 
131360 131414 
47301 47341 
9881 9921 
71334 71410 
211068 211113 
134223 134295 
65800 65831 
123880 123916 
238736 238798 
290010 290042 
219187 219273 
233855 233895 
314831 314892 
18343 18410 
262954 263048 
55204 55284 
97371 97408 
250645 250665 
191080 191109 
136679 136768 
202259 202283 
36958 37022 
242651 242719 
162892 162985 
118279 118333 
152638 152673 
273859 273936 
196677 196704 
310389 310473 
38625 38663 
232765 232799 
119829 119872 
11919 12010 
184071 184155 
63692 63770 
163149 163171 
211433 211454 
22722 22738 
265263 265361 
107813 107873 
309313 309324 
142985 143084 
34317 34400 
96304 96325 
71785 71834 
67502 67590 
223866 223893 
249343 249380 
72641 72689 
145755 145810 
112202 112232 
256547 256630 
99771 99843 
97001 97012 
91621 91673 
117451 117518 
84322 84391 
149928 149945 
303504 303562 
12403 12428 
171925 171935 
66660 66760 
237325 237354 
252301 252322 
253437 253491 
51428 51518 
138576 138671 
255269 255336 
94502 94550 
241390 241410 
24796 24859 
306154 306194 
243434 243449 
193323 193354 
10 37 
230865 230876 
251087 251181 
247990 248008 
317835 317873 
287645 287714 
274783 274836 
268603 268671 
88821 88901 
18058 18157 
65309 65363 
17823 17867 
176786 176862 
16003 16096 
266793 266882 
205415 205447 
89450 89464 
100548 100589 
94305 94348 
77346 77382 
210051 210075 
23197 23226 
62460 62545 
120030 120086 
225837 225916 
78499 78520 
153764 153842 
52309 52366 
108556 108601 
291503 291554 
79618 79660 
249043 249107 
203356 203456 
29470 29540 
225342 225403 
240874 240887 
263958 263973 
113021 113074 
173006 173059 
29134 29218 
235949 236006 
104356 104397 
61393 61438 
212967 213056 
157274 157301 
3194 3265 
285305 285404 
243805 243852 
193681 193703 
298236 298290 
293527 293578 
219496 219562 
8444 8544 
195564 195614 
35560 35633 
188204 188224 
16621 16678 
206536 206598 
298508 298587 
222466 222540 
169105 169169 
156446 156465 
288626 288636 
270446 270487 
118582 118617 
218766 218823 
271498 271584 
62808 62881 
44390 44414 
99038 99120 
95463 95495 
220542 220609 
246498 246583 
173803 173832 
109840 109892 
28513 28609 
47459 47483 
276576 276635 
68935 69008 
72167 72261 
115175 115255 
258482 258500 
317325 317367 
204501 204564 
257962 258020 
87783 87881 
204783 204842 
106531 106560 
289437 289474 
276909 276997 
135988 136024 
315563 315573 
198476 198511 
46726 46743 
178364 178388 
179739 179797 
159339 159372 
307563 307618 
224972 224984 
33534 33632 
204033 204058 
239043 239075 
168726 168765 
135528 135572 
194796 194813 
233346 233415 
25850 25909 
227440 227469 
282564 282650 
199109 199125 
72926 72978 
127805 127851 
139703 139762 
215452 215515 
57495 57537 
281163 281260 
296496 296549 
90470 90507 
167595 167622 
141909 141966 
144362 144405 
269751 269823 
223331 223350 
303305 303355 
320730 320818 
161287 161323 
207814 207833 
300889 300968 
166069 166122 
199672 199749 
196555 196637 
36054 36146 
157593 157640 
228722 228820 
212178 212213 
282115 282179 
314608 314678 
170791 170852 
279080 279139 
239679 239749 
40776 40868 
181250 181283 
102580 102602 
56956 56991 
188104 188163 
94608 94625 
236470 236551 
86098 86153 
304281 304344 
187033 187070 
4653 4749 
218194 218276 
308708 308808 
183116 183186 
246634 246724 
288227 288252 
31660 31745 
213172 213251 
248340 248395 
135322 135415 
8972 9060 
110412 110510 
267193 267279 
293000 293038 
299126 299137 
83823 83891 
253186 253255 
149059 149076 
34884 34940 
51202 51255 
270219 270250 
66905 66964 
124810 124846 
95328 95346 
244399 244458 
83387 83410 
75131 75168 
297100 297123 
77939 78020 
91517 91604 
256279 256360 
99227 99294 
87211 87275 
242191 242240 
321654 321711 
37866 37917 
107635 107671 
170107 170155 
250127 250219 
162244 162272 
70240 70331 
191192 191241 
133979 134034 
10746 10757 
310987 311077 
182118 182130 
50959 51046 
292678 292712 
314040 314080 
310209 310232 
65254 65282 
111009 111090 
175435 175520 
140647 140725 
209521 209544 
47780 47830 
254179 254227 
213447 213507 
285640 285724 
101652 101705 
30021 30113 
198374 198415 
69402 69490 
50572 50635 
81497 81552 
166394 166473 
25320 25368 
9427 9443 
200059 200102 
267675 267720 
41085 41138 
253675 253718 
288826 288836 
296007 296101 
242508 242537 
64252 64332 
308274 308286 
184350 184432 
302957 303001 
30676 30773 
165160 165180 
279386 279431 
277584 277645 
321779 321826 
189644 189699 
287078 287115 
54880 54929 
13376 13475 
262527 262591 
184450 184500 
39409 39461 
277115 277148 
62622 62642 
176976 177019 
91865 91951 
24036 24121 
162372 162432 
3802 3831 
194072 194101 
218988 219001 
167853 167903 
174853 174918 
108631 108683 
191530 191569 
71643 71710 
189395 189493 
104517 104579 
275595 275689 
302350 302395 
289096 289124 
235028 235073 
291852 291888 
297010 297056 
130975 131060 
207059 207133 
90182 90247 
299817 299916 
148253 148318 
140018 140054 
86662 86718 
67389 67483 
305882 305960 
297205 297217 
109534 109602 
76973 77004 
251804 251840 
318752 318801 
303975 304060 
58020 58053 
19754 19768 
82131 82144 
126854 126885 
15580 15658 
43194 43266 
129251 129314 
316556 316614 
180362 180432 
101895 101918 
141263 141303 
310496 310561 
56601 56659 
64429 64499 
204920 205017 
58644 58736 
21644 21685 
172139 172187 
57703 57760 
272962 273048 
312432 312482 
22136 22226 
292075 292090 
316758 316783 
125082 125117 
59919 60000 
85475 85524 
309844 309860 
100698 100768 
226768 226866 
292272 292323 
7313 7377 
60518 60565 
177362 177393 
81735 81795 
80015 80108 
138230 138297 
169480 169502 
182359 182384 
128877 128960 
306934 307004 
63162 63220 
210308 210387 
247418 247518 
202552 202580 
128296 128312 
221904 221942 
50780 50848 
99977 100056 
278561 278581 
95092 95118 
268827 268896 
82167 82254 
190026 190056 
64774 64850 
93567 93648 
53966 54024 
177872 177950 
104446 104509 
77834 77923 
207528 207583 
83326 83382 
62322 62381 
140429 140459 
216019 216083 
220298 220358 
248431 248467 
53482 53576 
80604 80662 
222794 222845 
18821 18841 
290861 290949 
120436 120472 
248596 248688 
14895 14966 
185177 185222 
35227 35310 
176421 176482 
81626 81705 
150512 150531 
268090 268160 
97938 97963 
261625 261694 
5401 5469 
142104 142132 
41646 41727 
52610 52650 
125152 125163 
274403 274465 
304095 304126 
260946 260977 
253260 253292 
196103 196116 
250546 250588 
244807 244864 
10544 10623 
45262 45332 
273379 273463 
153259 153330 
163705 163788 
50119 50178 
154083 154134 
192763 192831 
176502 176553 
79150 79166 
147364 147412 
225102 225124 
107020 107113 
230732 230797 
123193 123253 
98553 98618 
234517 234545 
101976 102055 
311516 311601 
279836 279933 
17169 17253 
175947 175987 
39880 39966 
12164 12259 
142644 142665 
8238 8274 
115726 115742 
294884 294980 
214204 214235 
118055 118084 
313639 313673 
266222 266282 
261478 261567 
87725 87757 
103138 103188 
286256 286345 
173089 173138 
274353 274379 
88747 88757 
274482 274494 
20452 20467 
98450 98473 
48676 48717 
269324 269378 
173669 173693 
313005 313084 
66808 66841 
116137 116172 
85693 85751 
244075 244125 
26256 26329 
112880 112931 
45666 45707 
280559 280628 
279601 279691 
27732 27763 
234395 234456 
126728 126749 
20879 20930 
196403 196446 
181973 181991 
291220 291293 
127276 127337 
231276 231286 
155995 156041 
85874 85915 
70840 70913 
221074 221092 
272466 272509 
100276 100372 
178411 178510 
92658 92693 
208953 208982 
49753 49813 
201785 201866 
156801 156820 
223751 223790 
150120 150169 
188716 188740 
119022 119072 
146574 146659 
123293 123356 
17892 17982 
145848 145891 
216389 216445 
181312 181400 
276377 276450 
16366 16391 
255664 255697 
320209 320246 
151183 151262 
229212 229297 
145476 145568 
194285 194335 
147643 147685 
161808 161848 
252706 252729 
49979 50030 
22049 22118 
283668 283718 
114321 114417 
321351 321411 
251416 251464 
3013 3105 
263535 263574 
2476 2538 
258767 258829 
151286 151372 
168362 168429 
224434 224457 
125702 125720 
