100 60 1 10
226 11
13 22
264 6
48 9
140 18
95 11
124 5
28 27
276 19
198 10
192 4
120 17
113 22
274 18
3 26
209 18
51 9
82 12
9 7
147 23
240 22
196 27
133 5
27 4
15 15
266 10
107 16
86 6
21 9
14 5
250 5
256 5
260 19
271 16
63 25
237 8
244 24
289 3
117 22
305 20
203 25
165 4
74 20
162 6
233 24
75 10
295 21
199 6
247 7
81 7
55 18
121 22
202 8
83 20
177 19
26 12
34 21
236 30
228 10
285 27
61 17
297 11
186 5
41 25
37 7
230 8
7 15
193 27
76 10
194 30
102 14
164 6
201 24
248 16
183 22
77 19
211 12
10 29
179 20
87 27
62 10
4 18
263 27
22 9
265 10
255 13
178 3
283 6
218 20
92 14
72 9
238 21
212 11
100 8
200 18
128 18
18 16
30 26
19 21
139 23
