170
8
67
33
36
86
85
75
4
13
29
13
28
79
16
43
86
55
62
61
72
22
80
8
85
84
31
38
76
62
35
28
56
7
32
65
42
28
82
3
89
42
62
54
32
29
43
68
30
43
93
51
16
39
34
67
41
43
19
41
71
36
57
37
39
44
68
47
70
95
4
91
20
1
90
7
17
31
58
91
33
14
35
44
91
54
45
13
55
94
84
20
67
32
76
86
25
33
86
91
43
2
52
66
14
91
33
24
68
56
63
17
83
51
30
81
52
37
55
14
28
48
5
26
63
44
76
27
40
86
61
38
28
7
49
63
86
60
53
31
19
11
58
87
90
12
28
48
93
84
41
70
92
65
95
46
7
37
41
63
77
52
39
50
91
79
43
49
82
68
75