1162
2294
216
8798
1639
9954
2826
1160
8350
5432
1937
9384
4222
1437
9877
4048
2259
4602
661
5129
1949
2180
5062
2440
8097
9836
4515
3441
7130
5482
8373
8223
9469
1778
1826
8614
8497
8463
3786
8508
4681
616
7557
7748
6619
3530
1909
983
5935
7206
6859
5983
2192
8586
782
9933
4308
4893
4873
8027
3423
1230
31
6193
4325
3666
1474
7983
5483
2312
6722
7365
1373
1041
2980
7981
7171
1084
5431
1904
1635
7764
6070
6957
5677
6677
5523
7211
591
4932
5546
9986
8687
7314
4920
9022
959
5669
7872
1046
2194
7671
8077
2653
2675
529
1327
4696
6625
7597
5038
9440
6917
1295
6694
4990
5563
544
8666
2861
8656
9994
5235
5863
7232
911
6534
1338
8399
9811
6921
1307
7321
1178
5223
7590
7667
4565
9641
5631
534
7476
8248
8793
9800
9535
7037
3299
5205
1217
4167
2714
7566
2546
7356
7821
6938
3133
1893
3427
2099
3624
5946
2311
7060
2323
6740
5059
9786
853
2474
6466
3055
7048
812
1178
5541
5515
1671
1654
8080
624
8918
2959
7872
8672
2373
4650
7264
779
4206
8646
8088
3565
5126
1
5006
748
5101
5957
1160
3854
61
2626
3341
1947
577
8284
1658
6308
6347
7209
5963
4838
3497
4229
3489
9131
6865
431
282
2924
274
3327
9436
7183
3848
7964
7771
4531
6067
1966
104
6045
6312
4206
9805
9408
112
3636
3246
1769
7672
7706
654
9552
9331
5166
6270
965
161
2053
2879
7458
8321
4266
5356
4476
9025
9855
5310
5130
1937
4353
1343
1591
2340
5860
9631
9481
3464
370
6407
7281
1417
1999
5820
6678
9034
7650
7709
79
3643
3792
8840
2512
8812
1418
3442
5997
2066
7152
20
8706
9858
4027
4718
5533
8915
397
953
8254
5494
4726
319
136
8086
1203
9810
5217
4497
7652
6715
1357
4245
8003
4447
9363
7600
7147
5936
5329
7672
9901
4121
6870
6867
460
5360
9226
5777
5222
7038
1543
636
7489
6241
1794
4551
8485
3803
430
9791
2012
1227
1663
7105
3944
6661
5972
1439
2047
7794
762
4339
6512
6854
6182
9487
7961
7163
2638
9762
6192
6189
9349
6741
8257
3296
638
4460
3097
144
4937
9643
6170
9069
3157
8430
3094
8616
1479
2463
3496
7933
6014
9696
7191
6460
9608
6629
6472
5210
4813
1272
6162
9907
5096
2277
7568
206
9150
4311
5417
2477
974
6205
9403
8163
8271
5325
4374
8212
4544
1979
6437
8812
5296
7219
2264
9594
9168
3716
4130
3666
9899
1263
3939
3141
7945
2396
2120
2109
3030
6479
3898
9892
1578
8200
1481
5281
5569
5908
6895
595
2658
8333
5987
7980
2699
8573
1687
9508
3959
4869
8450
9632
7034
3375
306
262
805
3006
651
8190
7850
7173
2046
6003
4801
8154
4831
6116
1242
9902
6770
7520
5262
6688
5258
6519
962
5178
3412
5959
2029
9011
3360
9266
8618
691
4635
780
2099
891
8214
8005
9782
2749
1516
8555
5372
7788
6576
326
4732
2749
8708
4211
7893
5374
3087
5974
8083
2205
2991
351
6530
3038
8159
8303
8082
1230
9784
7330
1393
907
2669
1637
518
9404
2190
8059
2886
4239
5576
2114
1352
486
9238
4656
5273
1940
3090
5334
9294
4030
2611
1568
929
131
79
1247
7132
7181
8789
3087
7586
3391
2053
4524
8612
1218
4814
8847
4576
6599
745
3490
1065
9769
5548
3324
2558
231
8686
5862
3774
5191
9583
4398
2090
2095
8875
2766
2038
5347
593
1077
9847
8282
7931
341
4240
8701
3948
2880
3037
2536
1109
2077
7305
4329
1244
7104
5503
7514
371
9363
2650
6010
7461
8387
9467
1751
7312
9076
997
7668
1077
9909
1785
1830
1196
5140
1313
9180
1220
2855
837
1492
9379
4964
3899
7961
3328
1084
4590
526
2730
6941
9226
1069
2584
7977
5087
4272
4898
9216
4511
3415
3353
1167
7492
4258
3250
5109
5904
1789
5536
226
3366
6703
4614
6227
3953
2098
2531
9007
9149
6148
6755
8122
3776
4471
9099
8216
6796
6818
1781
1072
5871
1583
7283
1039
9678
1944
6605
3003
402
9617
6277
7794
7665
3275
7147
6880
1286
1992
7673
8015
803
5439
2403
2215
6969
6366
8328
7536
8096
4075
517
9343
6710
1489
907
2982
5787
6765
6027
3587
3273
1261
730
7891
6926
91
974
6099
7573
4609
7877
5445
6107
3469
2192
8754
9492
3495
3960
7803
7247
9186
4968
4774
1410
906
543
4932
733
2495
7080
361
7463
2173
7515
781
8189
8312
198
8131
1153
9009
1158
1590
6328
421
1638
8914
5921
5324
5574
9090
8105
8564
4308
1494
42
1354
4171
5221
4743
5509
9591
2298
2866
1111
246
8846
4904
242
9127
1437
9403
3806
1673
9754
4144
4162
9995
3585
1762
7642
9216
2238
7735
3078
1074
3375
8648
5049
7453
9088
1012
5576
2300
8866
4063
8548
6744
2523
7984
8081
3609
1119
3425
3878
984
3600
8384
8063
194
5575
1640
9060
7548
7741
5169
1720
9607
8386
4192
5000
4642
3586
6309
5678
9515
4555
6448
2100
3644
6597
5935
4143
5755
9546
7602
6014
726
3364
1480
1522
3618
5557
6782
7227
2862
1685
7819
4600
1119
4467
8241
8360
2850
7989
9057
2815
3855
3965
6964
5792
8715
5622
4449
1270
6429
1935
4726
8423
9430
711
2107
4443
2814
6759
4485
6810
630
6287
7448
2002
8099
1372
2596
7259
2004
410
7644
6059
8258
5646
2232
227
763
2793
9828
8312
1605
6529
7898
4038
1583
6668
7516
2234
2812
7002
819
3202
6001
3716
8577
2494
2433
4912
8095
8127
3962
1092
6803
5063
5938
2250
4706
9669
4264
3427
76
2237
9644
1388
1940
4245
4184
4771
6448
520
5655
9421
5926
1038
1753
9676
5789
6934
3555
3003
8977
5352
1018
5843
8233
9967
2772
9579
3760
8252
4787
1772
7507
7259
2487
7466
2088
8187
4396
754
6176
7273
2999
4695
858
2984
3015
9783
588
7303
5470
8596
3505
6481
2196
94
5327
3744
9514
7054
3231
1652
4286
2628
7122
6782
7769
1825
460
1392
9192
3201
8008
8259
3688
496
4066
6777
7041
5295
1867
9688
7035
2256
4136
6848
7354
5411
8608
7280
1487
4018
6917
5038
1704
5122
839
1455
7642
8155
9479
2111
4312
2630
4535
5490
9890
7067
7391
5069
198
1238
4305
7210
5003
5533
523
4269
9674
3028
7350
457
6874
9425
635
6535
1857
6844
2145
2677
6061
9998
3151
9312
6721
1315
3634
8573
583
6598
1265
5860
758
920
5249
4360
8498
8851
3130
7935
3221
5872
5434
660
8246
511
2579
17
6084
1300
1987
7579
7269
3768
8539
7231
4534
3238
9729
7827
8735
520
5291
7917
5486
1446
9904
2490
1603
6052
9963
9335
8719
6085
7358
6613
2512
7686
93
3579
3635
5234
8676
6090
742
6879
5356
1244
9034
9849
6155
2705
7784
1366
7252
7651
7886
761
518
7322
6589
1243
437
2579
4814
3349
6240
1881
960
7086
3585
7005
7088
9796
5735
4584
6601
1503
3987
7593
1408
3760
3802
2372
5947
4483
3150
8812
8510
7273
6617
4703
6788
9305
1912
8928
9150
6826
9691
1965
7508
8736
9201
512
8400
245
9695
5577
8683
7501
1394
419
3955
7385
3321
6539
4619
3840
3241
9173
7013
5061
3546
8665
7418
8092
2237
6975
3083
3857
491
4201
8844
7907
9267
6901
507
1982
2250
7740
3866
389
2893
1000
9875
410
459
6567
2275
6235
9826
6424
150
8616
3403
4949
184
203
6124
8790
7977
1594
2401
4096
4761
508
7336
9004
3572
5752
6804
8620
7194
4462
6870
4713
4576
4701
131
9646
728
7673
5923
5441
5158
9463
7081
4994
3142
8484
8268
467
7909
5734
4610
2939
2294
4763
4017
5932
4986
609
7226
3458
3040
5543
8322
8819
2718
2057
9488
2494
2040
4403
6268
6057
1991
9881
1638
8097
8436
8889
2426
7029
4616
2862
8478
2967
9792
918
5810
6282
9683
2946
8378
8953
7081
2919
3838
2637
3346
6385
5099
6445
4344
2148
7821
2757
7524
4200
7842
8961
7315
3444
3172
6727
5294
2493
8637
7187
67
7472
9209
4592
8868
469
1436
1863
1067
2061
9939
6020
1368
389
3538
7652
9706
3417
2963
1661
860
1088
5828
5802
9241
3289
9900
7365
9360
481
3043
8728
9925
2055
4967
3724
6978
9787
3521
1122
7392
7762
7389
2386
7781
3861
7797
4464
710
38
219
6507
4661
4660
7188
8187
4927
5743
3790
3187
5194
5708
2062
9551
2862
5963
9360
8645
5492
2050
7018
2303
1754
4262
4404
1858
5633
2717
963
3719
3769
4764
4633
9634
8257
4298
1591
3211
6585
876
3792
4463
6973
3357
1316
1854
4987
1429
6142
8300
5437
3611
790
8373
9973
5262
6798
2836
4298
6328
383
9414
1278
6424
4566
8785
7198
8807
5188
9993
7488
1372
5616
3624
9204
5885
2119
5510
8477
6116
1271
9179
9186
4444
1995
6656
6119
3980
3710
7076
4646
9639
1320
2654
7714
8139
6229
5491
1855
628
4877
6600
2127
9105
2519
1040
6693
9210
9589
4631
596
7701
6268
8818
5624
7819
9553
6350
6859
8211
1497
2429
1740
3264
8650
6491
5569
6083
7766
5833
8036
9824
6275
4341
2027
8307
9113
5870
2603
8367
2124
5588
9836
5784
3592
8183
3161
6641
697
3150
6217
4559
9066
6798
7051
1732
7661
4902
9267
9509
4479
9175
2443
8393
706
5597
4725
5107
7101
3236
979
6662
7499
6039
3244
2042
8507
6453
9323
3828
1475
230
6662
868
6130
1743
5731
7713
8305
4570
8190
3943
3172
9165
7558
721
2300
1789
4747
7806
9155
3840
2921
289
8431
9043
9335
4168
8469
982
9949
5130
2855
2132
1180
2515
2808
7194
9196
5667
9589
892
9428
7049
8191
2011
2720
3623
3544
7972
7809
8193
4823
2561
5432
5118
36
781
3730
2777
3254
4975
8284
5887
2543
4335
9159
6661
9514
8973
9251
6953
3460
1407
4114
7246
5846
2032
8812
3251
3825
7469
751
2711
4050
9507
3703
4381
814
6875
6642
3338
5120
7239
1815
8242
1875
9462
622
5802
6977
4781
3112
11
5664
1062
3935
1594
8200
1329
4230
4137
4176
640
2620
2815
2631
6679
6307
6013
2721
3167
2400
7729
8873
5184
7687
6458
4209
840
7881
5854
9171
291
1977
7224
8379
2254
8071
3688
1186
3430
3449
9373
4588
3007
5688
8524
1404
8015
9246
346
9393
8350
108
2477
2345
3570
3697
9938
9874
5008
4432
527
3830
5100
5472
9692
6678
127
7023
4412
7595
9481
5096
8630
4278
3553
6450
5534
7746
9352
2477
7297
2311
413
1815
410
2767
2102
7920
2161
3120
9563
4574
6842
8654
2344
5420
7405
7851
7189
1905
8653
39
6398
888
4180
748
4216
3781
5886
329
6006
9082
4787
2391
3802
3410
3626
6656
4424
5673
6711
1652
7802
1400
5722
825
4141
2084
4128
4142
7856
8396
1914
4488
3590
2076
1191
2186
9555
3305
7669
717
7904
6837
9572
896
6615
8945
649
3699
6369
7275
821
2977
1008
4012
4604
9172
8174
2985
6786
1868
6808
3712
905
475
8097
7198
5855
2795
8905
880
2620
6999
4838
8823
9464
5977
5873
4905
9173
5584
5701
6021
4159
1828
468
6766
3028
1809
8019
5031
1375
2550
4585
7010
2275
7269
2263
7357
6680
9816
4004
5385
7062
1142
8208
9557
5702
1909
6750
9182
8229
7147
6977
823
4044
6784
9053
3187
248
3091
9795
1400
941
7459
8503
4578
2168
6381
2796
4861
7808
999
3577
4567
7044
1777
6988
3693
3972
1394
2618
3656
2677
9341
5937
480
8078
8129
6269
4524
8750
1170
2476
6021
524
8593
8009
9853
5201
8519
8605
695
7428
477
4760
768
5783
5014
1528
5523
8435
4549
2960
7332
6350
4914
1053
8881
5144
254
9020
6172
9537
9547
2134
7117
2105
3775
2285
4185
3266
6935
9032
8834
7037
6438
1217
4522
5839
6068
4763
3098
5851
4843
1341
2140
6602
5729
6251
738
779
5400
7298
7788
1357
5785
522
5938
7034
2065
9666
7208
6328
9683
3915
1425
6543
9038
9019
6044
4175
7282
3588
455
4601
9984
4719
61
3837
8765
5571
6368
1926
3081
3335
1578
895
7861
5258
9140
6293
1610
7714
9698
3571
9165
2108
6948
3759
2748
1362
5733
4547
5619
1690
7305
6031
9193
3820
8322
3530
7272
4232
9039
5281
4853
2505
5720
277
2135
8615
9178
3562
531
2038
4670
2940
3025
8784
1894
9191
600
2437
4868
5271
5330
4243
4575
199
8490
1919
7833
2393
127
9918
7146
7273
7361
6923
4138
2615
3472
6945
8710
909
494
3463
9460
1693
6519
8670
4987
8271
9159
1913
7881
3008
9648
7261
3960
8680
3755
216
1913
8118
6029
3778
4574
1665
3663
7124
7652
1461
6795
7054
9667
8940
8963
220
9301
7744
9849
1743
5437
6640
1811
7222
5930
7018
4562
4160
951
9014
7322
7416
7814
3190
8726
9232
7759
5773
3347
9246
6817
4006
2586
2315
7005
5007
9926
8728
3285
9758
9115
5982
2121
1689
774
6864
4354
8669
9214
9079
9925
5205
2441
4128
7730
2843
9266
3051
5097
6952
709
8124
983
4559
3028
2422
7693
3954
8809
5978
5017
5291
4041
385
3219
3058
4475
3920
1270
8727
1645
803
4009
6705
5990
2081
2396
7890
4883
6957
816
8850
7494
6406
5757
5322
4420
5026
8192
7129
3541
6898
8318
9540
6939
959
2509
2802
4177
3284
892
3000
4674
2251
6500
6202
1977
1799
873
6903
8390
3098
1456
4981
9220
4321
4781
1517
6288
200
5297
4199
2585
4417
9003
8628
9473
9070
752
9650
7905
9943
4092
1027
8351
4618
9844
3821
1845
3001
7550
9659
7885
9777
3554
5660
6261
723
9042
9353
8057
2116
9618
5004
7303
1184
708
9824
2742
8727
6239
1090
778
4001
29
3844
8159
9861
5082
1000
8986
9422
8452
7727
511
5705
4210
3811
8437
1940
4331
5236
4480
2402
580
3311
9973
9446
7071
2083
359
2784
4489
488
2687
5648
2860
2670
9084
4109
4879
1120
8980
7436
1454
617
7310
9555
5562
1841
2646
6773
8360
2390
1764
1553
6508
1377
1212
7205
7447
5343
242
6465
4755
7124
22
5194
342
8568
523
6407
3151
1473
3186
7009
906
7315
8987
9192
1496
180
2196
5533
2091
528
2089
7981
5807
6887
8825
4822
9568
1414
6661
7303
8574
1007
9210
4276
4257
9882
6981
693
2894
3821
7748
2873
1471
5744
3102
8560
4837
424
8123
6279
3488
3297
6991
8954
3002
6037
9669
3462
4674
9932
1489
2096
571
2774
350
1218
9412
6284
7657
3874
9036
634
1515
2915
6733
9520
8915
1874
7437
5631
5524
9620
6102
4471
6117
2260
649
8446
3226
1371
2356
3662
199
8734
712
4191
4098
2219
6607
3384
2264
8741
3983
4116
3530
1262
5018
9027
8169
3617
1488
2419
3064
3200
8359
509
8285
9053
7563
3175
7548
5575
1473
9458
8146
9592
8369
352
757
1483
2844
6966
2642
2302
5897
1656
7011
9352
4478
411
7942
8615
959
9626
7471
8487
4945
7042
2325
461
1319
1160
357
3891
7469
7895
1850
2221
8369
9606
218
9425
8024
7487
5673
5422
811
5402
7637
2955
330
9925
1154
903
4036
566
646
6070
4702
4019
4189
3556
2352
1269
6153
9228
4668
676
1071
7793
4940
9102
2555
2337
1336
7301
902
9691
8334
1655
587
4966
2910
9539
695
3470
4615
7312
8755
6053
9176
7501
5217
3521
9595
9743
4174
5634
3738
1007
8740
879
6612
5080
7686
1352
5989
765
3220
2885
89
5630
3099
9460
775
2989
9476
3302
4712
8855
3170
7789
1031
4151
7122
1341
9265
9180
7882
4739
3259
6032
7691
3649
3589
3676
8683
3124
1211
4807
6941
2115
8013
9976
3650
4006
8430
6215
1220
1912
2361
6765
1840
9411
6045
3140
7530
9179
2693
9275
9202
1503
7147
8707
3895
5961
2544
6444
4305
8359
9210
8620
2432
7747
9451
7030
107
538
7753
376
4325
6420
9959
3413
7463
4943
5338
191
5173
2885
7669
171
4327
2969
1592
8685
346
4925
2308
5537
1514
5665
8494
5974
4039
6089
5421
5926
534
6650
976
713
9630
6342
9877
5312
3305
9916
5999
6255
2879
9494
8130
6026
9545
1070
7207
469
6080
7471
1457
8551
4753
626
5085
8553
2772
424
9045
2438
8008
7933
1713
2812
4546
6323
9325
1559
8926
8421
2038
4762
7843
8925
8260
6519
5677
1961
4024
4413
2881
83
3451
3849
7020
5088
9046
2502
9838
255
8714
3716
8227
139
3176
2069
7351
738
8408
1113
8971
183
2227
9371
2054
4388
1496
7915
720
7738
4322
7466
7620
1619
2033
2162
486
1892
7795
109
5002
7224
446
3518
3081
6589
729
1720
4806
6402
6467
7589
749
5319
479
581
1597
4341
3066
2220
5589
9978
8116
7832
1141
7014
1926
2459
6177
9115
8310
379
7696
7292
505
2699
9237
6336
6057
6714
5369
181
3208
8827
3893
947
2754
5939
6549
3981
8939
9140
5755
6657
889
7466
4995
5739
9179
9547
2801
93
2579
6093
9370
7485
8328
5512
8868
9684
9594
4304
4264
7033
1200
5430
5222
9632
1610
6095
4880
2942
1019
5317
5564
2133
1794
4475
5974
4618
1984
2400
5736
5233
3187
2705
1520
7769
8242
884
4378
3707
6015
7675
1664
6305
7842
9426
5560
952
3178
3566
5969
4782
7397
6190
1769
2702
9544
6016
6619
949
8042
6905
218
5494
9230
794
2155
3588
7168
9370
3260
3683
5511
557
1258
48
570
7449
3862
1082
5073
8424
4178
7824
8567
3783
8548
5990
2358
1933
8781
9395
2854
3530
7675
1098
1962
2956
5886
2387
2155
2209
4817
4659
8188
1631
4574
1935
6096
9327
9041
1332
2757
605
8428
7712
9968
5851
9543
8602
7961
2156
9922
2040
6671
8883
3081
1274
8014
6470
5550
2807
7868
1923
2547
1869
1852
2942
7234
9869
1096
9360
4593
3075
5002
8430
4912
1709
1576
5626
8037
2394
8032
4055
6595
8395
7644
4969
425
1753
1343
9352
4486
2194
3359
8225
32
6311
1084
2540
7159
8288
8580
5198
4209
8297
3657
9457
3048
1733
5186
8368
549
6964
6872
909
3166
4295
2332
9669
336
5209
7316
8007
8660
9527
896
1611
525
2658
2242
2763
2235
1303
8881
2783
5968
9565
2875
2502
9715
2258
9706
8835
6467
3435
6366
3564
4115
4015
9641
6383
2005
5069
3508
3742
1095
5525
8374
999
4551
9838
4099
9841
6975
4043
9935
2256
7772
6240
2000
9977
8174
7489
8110
1984
5304
1352
9347
2505
2495
9050
4481
7254
8107
2585
763
655
9750
7888
7455
4591
2837
5970
4147
3243
4028
8438
3317
3466
799
3268
9264
7376
5746
6894
2254
231
3520
3407
7622
1645
6075
1506
5489
6612
6769
3846
6994
6636
4941
5388
1217
2909
7034
5144
6683
1962
4069
5881
8556
3573
5397
6247
6165
7662
7753
8026
9399
6841
3611
2296
4687
7318
9066
7296
6217
806
6533
919
6882
1435
1835
3057
2294
8878
9701
9555
8837
4023
1870
986
8708
8953
9461
2417
6692
8868
8909
5035
5204
9113
6740
7581
4084
1177
7582
3827
2119
6246
5317
1160
6697
6676
7319
4380
5507
8768
3959
8123
6265
1291
3096
1519
3676
4086
8483
9708
6827
5464
3634
5229
6336
9559
2335
4353
8994
9637
1857
2196
7547
9918
9726
4893
5552
2487
7399
7722
1830
7047
3574
7143
3824
1069
8422
105
3064
606
8783
2210
3980
9982
8568
4736
3071
1166
5933
5696
7974
7132
2427
5569
986
5480
5106
7851
8240
5363
4949
5435
9400
6448
8222
6101
8193
7946
7488
2092
7089
7701
5825
4298
431
5311
6225
1136
512
7198
1281
8442
2910
2073
5008
9624
4529
1777
6002
7686
4643
1751
1567
7901
4756
3291
5458
6534
4667
1638
1910
8514
3167
9441
9178
9121
3848
3656
7851
7620
4922
8651
4014
5588
7553
9103
1309
3625
536
5883
3175
3482
2591
8570
6653
986
2312
8980
6101
902
4071
2262
31
3208
7866
2431
6902
2986
8097
2236
3080
1023
2076
2084
6936
8165
5765
8466
1056
4931
9388
2732
8727
649
9565
3566
665
6581
8684
90
7279
9543
878
1840
2905
1035
9019
7073
4009
8007
8701
8904
9979
3454
4127
1743
2747
7026
9602
6499
1243
5301
3805
1450
6926
6121
6719
344
6088
8446
6139
9839
1632
1873
2241
2544
3556
2898
4664
4933
4040
5287
7618
3169
1793
6312
941
2076
6042
7601
9744
5753
4033
7566
1222
8491
4039
5988
9538
1792
5466
9783
5108
5752
4989
9869
1789
5862
1056
4376
485
8713
2691
9348
3524
1459
1971
9397
8445
9039
4129
1492
9745
4947
9779
7461
9493
8243
2942
8548
9299
6966
3050
6024
679
6096
4987
5087
2097
1650
829
7469
8853
1866
2680
3204
8964
7308
5626
490
4910
3605
8575
2154
1080
9075
3505
4541
2344
7448
1027
408
3740
8890
3480
4154
518
9643
3714
2174
3129
7492
9684
4619
4508
2055
9155
3415
6404
6009
9640
8851
6947
9735
882
1074
3145
711
7174
436
7563
2414
6462
2962
1679
934
9971
2649
1645
972
6646
328
3902
3209
403
5144
671
8051
7371
4139
9850
5603
2951
6388
5028
7640
6534
8458
1497
6740
6610
4550
6591
3403
8690
3154
6785
5135
546
480
1928
6683
2755
7235
4339
2495
9185
6306
9723
9001
2647
343
8168
9118
2192
8288
6599
9762
333
5725
9571
3610
6160
4828
9081
6073
4780
2957
6472
7194
2287
1539
9136
5705
9924
1955
885
2949
8548
6998
4985
3170
2517
8292
959
6246
8197
4674
1389
6139
4596
1768
911
4989
1011
4960
5715
4978
2054
7061
7229
4740
230
1257
5913
466
3829
861
8805
2236
5381
6107
7721
2045
4031
2838
6852
2358
2214
6896
3762
4184
7142
9477
5349
2812
144
4052
1360
6890
9961
8766
9760
3274
9257
5117
616
9403
6150
9361
8429
3565
2162
8842
5413
768
9078
3903
6226
9771
252
8429
1525
9701
692
771
2213
1809
3299
6999
4968
535
996
7799
9554
9758
5577
5014
3608
6552
7318
2575
1266
9558
2321
6113
2003
1717
9635
3080
7112
1241
4433
5687
4168
3386
4791
7508
9791
9273
1981
4997
8570
6582
5909
2375
5995
6257
7361
1966
9190
5946
7351
1198
9868
4285
7667
3878
6155
6395
5317
5260
8710
163
8480
3617
3050
2869
5335
2963
4595
417
6601
8348
4155
2032
3737
9904
7703
4141
267
991
2486
4505
415
9607
6442
838
7902
2781
3689
2906
6576
9767
4325
1716
2131
2281
8448
6677
6202
9276
6555
8873
1782
3260
1475
6992
1470
3515
3671
137
5550
9719
810
8477
8080
8824
7246
6373
5642
1292
5219
2838
1140
2251
8535
972
4189
1505
8079
4907
5383
8047
1285
5623
4958
3605
505
5685
3020
3085
1588
9335
8305
3328
8782
6046
519
2249
949
8218
6240
3978
6666
1529
2302
5362
6843
7234
6674
9162
7539
3905
4709
673
8323
8997
4462
8384
9759
5166
3848
926
262
5341
1751
1263
7396
4759
6898
9843
7326
3985
4108
7293
8826
9427
173
6431
1707
8399
1006
796
8469
8736
9233
582
8784
4111
7486
2354
6134
7692
3570
2817
9964
9631
6875
8390
5309
6804
9845
1428
5041
9095
9702
285
9591
5826
3722
2456
6574
3262
3454
2509
9919
341
25
5127
7473
3755
9327
3114
5517
654
1197
774
924
507
2707
9379
2071
4374
3481
3058
682
6339
322
4096
6144
3218
7239
2406
1520
97
8557
5945
7606
5592
3357
9541
2948
1756
8947
6014
2792
2650
6350
6211
1551
1088
8337
9090
214
6452
3660
8562
1010
1937
5348
3172
3816
2308
4801
3787
3192
6959
9675
3644
2994
4470
4723
9143
7642
9446
2763
811
7955
8387
2489
1863
6134
5364
7064
2010
808
2208
994
9078
2857
1514
5182
3402
9779
3449
5690
8685
1456
1489
472
9768
6187
6233
6863
7793
4088
4132
5170
5608
8692
3590
7225
2757
781
5426
2686
2411
7478
1978
4102
8545
7203
9796
6463
4111
3610
3389
3786
4134
4301
3070
7697
161
1834
2210
7695
1742
6502
6063
978
1136
9784
1225
9301
275
6016
4277
3636
8527
2335
1649
8440
3899
6071
6093
9791
7465
6998
3556
5006
9576
3880
957
59
6300
427
723
6114
8740
6734
7654
6875
2321
2166
1638
8884
1127
4087
3957
7780
7847
4283
5991
4592
7052
1996
1118
7813
7427
5146
17
4384
603
611
152
5522
8587
1813
2298
7683
3659
1797
6614
515
5765
8844
1719
8634
7467
5794
9716
7889
4163
7113
4372
6195
1485
5281
8744
1206
6569
8810
1394
1385
7657
6785
4691
7582
6413
1173
4540
8713
3527
1416
5501
6996
1162
8329
8873
9466
3026
3167
1300
5647
2412
9830
1446
5894
4675
8791
5495
7972
7572
5544
7798
5489
5264
960
8604
8271
6239
5512
3813
9406
4644
5629
7424
252
3955
3024
7439
9243
4172
6198
1952
8935
5030
9507
4879
7894
2192
4248
3277
9328
827
6384
1088
5630
8427
2230
6368
2807
509
3323
9290
7027
1627
9991
8372
4221
9124
9449
6843
8830
3772
6108
9748
7596
8947
6569
5912
7893
2421
9724
4622
1932
9131
6156
8968
4903
5305
8528
1004
8856
219
9846
2334
5625
3739
8790
7974
9994
2350
1355
1561
7878
7919
3087
3976
4688
2343
3350
8457
104
9137
3865
8954
550
4909
8958
6360
2454
2516
8649
6371
575
8940
598
7466
9756
692
5073
9965
2620
3571
4378
8198
5952
9537
6609
6385
3431
8516
6296
3554
9701
2218
2187
8929
1
8704
5609
6094
1611
1832
3003
4476
6825
6083
1635
6869
9386
5084
5286
8250
7735
8552
5537
6387
4759
7202
2405
7302
1896
5887
8789
598
2436
3644
6056
5648
9952
2984
9125
8787
8013
1895
6997
3582
6644
5680
1133
2246
6957
5699
8300
3942
8050
7446
4803
8845
1505
9287
9477
9084
8463
8562
4212
5804
2480
4625
6131
5888
8111
8572
2393
288
4193
7746
5366
1874
2853
9840
4954
7876
9532
3495
7888
2834
2502
9111
7442
6288
9529
7656
3385
2175
5441
4332
3438
7140
7262
4947
2315
4568
9858
8011
5352
954
6814
1176
9255
8975
8330
4225
3457
5163
3493
5903
9593
4401
5318
8724
7550
9217
3890
350
5011
710
8184
7536
7372
4058
6555
9108
8709
6383
2484
8082
6799
7573
3099
1091
3487
9682
5485
9849
1340
5810
8633
4287
7042
7571
2634
4441
8182
2882
2472
3825
4619
4295
9230
3262
530
5576
8227
6679
3014
6410
3126
1262
6701
9070
9346
8899
9535
5774
4145
4761
8287
5864
7679
6239
7409
6788
201
9433
6952
2866
7218
1106
1486
1734
62
5334
5138
389
1918
7348
38
6109
9043
5081
1433
5090
4085
445
398
8570
4854
4958
2481
2204
3560
8172
4135
3451
3589
8980
111
7788
1103
3873
2830
9120
3582
1901
7673
3763
7307
3488
3894
3138
4398
6733
9344
7490
4283
3904
4790
8184
9993
323
9838
6111
559
9526
1696
7280
12
1632
6725
3284
2910
1832
4901
8912
9803
2946
8987
5460
7806
2265
5984
2374
5524
2616
5365
4125
1153
1959
9952
9054
7021
1768
7238
9630
7394
3227
717
9750
606
9355
884
6127
9779
3346
1499
7725
1550
3591
3591
333
4134
6650
7896
6267
8867
7612
3378
2993
2740
1293
561
6131
4687
4638
3515
2906
898
4093
7946
1318
5344
922
7760
4822
588
2168
3442
6482
3497
2022
376
7668
5011
6095
9196
4052
7905
1147
7427
3936
3952
6112
6855
7752
7063
1786
3930
7385
7324
8544
7755
2751
1580
5646
6079
5195
9861
667
4947
2907
4054
2157
9287
5503
3130
3625
7794
5495
53
459
8978
2361
5235
8190
1347
9749
5603
9384
3377
4068
832
4195
6366
8281
117
4016
9042
4377
431
6872
3449
350
495
1072
9004
347
5701
4137
1398
2759
5024
6721
2198
5402
9531
8850
3235
344
2652
695
3998
6843
565
5348
6816
1421
6430
7320
2140
6532
7320
9916
5029
7790
5790
2776
3806
6248
9424
4926
1672
9147
9507
1904
487
5108
4057
9335
1195
6078
2757
1574
442
7115
4924
5313
8697
267
4915
7688
4571
4824
9272
7936
3811
116
7607
7387
7059
3211
6277
6381
8314
2136
4265
2115
1330
5021
1194
9582
897
3323
5033
8665
9837
2981
6687
8685
4179
133
1334
1026
7922
5003
829
9836
3489
1238
3318
6765
3408
4209
7931
5160
148
4541
1302
5066
2602
1788
9192
2299
9517
2410
8963
3783
5721
9461
3378
678
874
405
1086
7983
1769
714
767
9677
3448
8123
258
8659
9204
1775
7421
3332
3613
9828
2376
3527
3189
9615
4993
3190
7227
4881
7932
2385
8990
5185
7854
2119
4501
8688
78
4256
1245
7868
6445
8551
689
1883
5235
2540
2822
8981
9910
4579
2143
3750
7803
5039
537
3290
6986
8622
1428
6809
7993
7345
912
1513
5183
8696
495
7469
2673
2811
9472
4821
1526
8894
7078
9517
9337
8189
4068
4186
4568
8962
9479
8236
8734
9636
6696
4576
5264
3230
2061
8956
9049
5753
4417
5420
8345
4709
5139
9467
8882
8544
7669
9608
9507
6157
6818
2984
2634
3183
5120
3412
7312
4332
9894
3338
5633
5943
8277
5867
9891
6786
8797
7195
6890
5090
4932
5504
9097
5469
5792
9740
2790
9817
3838
1552
1733
334
3065
9941
5414
455
9823
6924
5932
2535
8893
5292
8988
2053
4216
832
5073
3715
4768
712
9534
1646
9482
8239
1062
6806
6084
9390
3536
4800
4272
7893
14
166
3605
1430
4205
6082
7163
615
4107
1870
5291
4981
6012
6949
1143
4527
7111
3595
104
5974
3712
7809
6798
3210
2831
284
7900
8425
3148
9306
6713
2916
6226
7433
3130
9119
7238
9533
2413
6896
5830
4956
2362
3417
4385
9878
3857
4941
777
4246
9573
9446
9924
1298
1040
5474
5532
1025
583
9383
5087
8581
2490
536
7725
2563
3982