6748
6460
9395
9724
6687
5100
5980
2996
6366
2707
8450
2295
8778
4104
6537
7727
7823
3762
8603
4259
1820
7895
9291
3369
8660
7422
6794
6742
9046
4855
7332
9426
2747
5399
2428
5533
3084
3765
7676
6365
1465
5121
3897
6713
9435
1832
4904
2746
2712
4815
8762
2596
5139
3099
5420
2938
7391
6399
7076
1967
7219
5876
5849
7177
3734
5503
6452
6034
6322
1910
3453
9565
5459
4583
6160
1298
8921
1378
3673
7833
3270
9008
8392
5160
2389
3679
3929
9727
9214
1522
3895
2888
8675
1450
8180
2215
1512
9102
7905
6331
6170
1309
6039
5798
7873
3339
4910
4267
2117
5636
5525
2774
3395
8269
2460
9488
1582
8877
8549
4417
2691
1739
4709
3831
8854
1672
2231
7903
3579
3184
1970
8203
2305
3709
6590
7398
6243
2631
1638
5894
7757
4292
7094
6217
5710
5459
6686
8993
5550
4088
8909
2181
5674
3877
8718
2488
1384
7103
4284
1279
7964
6200
6444
5568
3737
3880
4411
4762
7766
8435
6063
2722
2108
4204
6724
5930
4136
9095
5994
2228
3851
4883
3766
9039
7930
2498
7356
3620
7565
5889
4377
4031
7007
8604
6013
8590
5215
8269
4013
1279
1769
4662
7182
8016
7053
3643
9013
5810
6443
8691
7977
1430
5914
7647
3393
8395
8256
3317
5217
7104
9497
3904
4221
6978
7608
1946
2362
8094
3376
2903
9315
2580
1422
7159
4513
7921
6529
7522
8060
7426
1790
2263
7699
8994
6694
6662
9403
6496
5697
6274
4378
4262
2519
8451
6706
4046
5505
1919
6924
9896
2836
3190
6540
3405
8027
4809
7833
6066
7442
4204
2301
8573
7406
5009
2555
9103
2240
5196
6413
4144
6068
5287
2684
2523
4296
5815
3239
5971
2547
9143
6804
9575
2876
4232
8461
1419
4267
3808
8698
3036
5037
4059
6423
5009
3987
5105
9337
7295
2087
7861
2628
1512
2300
5474
5909
5933
6717
8874
9766
5376
3575
2006
9064
4122
2954
1336
5999
6478
2217
9517
2688
1460
4868
8390
2126
5067
5581
9977
9712
9688
8606
7983
4834
5665
7300
6688
4499
5247
9812
7698
5207
3494
5560
9831
4584
6891
5484
6888
3573
6307
2077
2598
4285
5715
4614
4742
1379
8504
7798
4221
5994
7937
9998
5288
3025
4465
2115
1720
1812
9275
1618
9353
8251
1284
7686
5594
2168
7891
7899
2789
4333
7964
3720
8882
8539
2687
8243
6711
7033
1292
2142
4643
1331
7077
9914
9374
5123
9803
7361
7642
4484
4165
4695
6208
2097
6589
4119
3587
7705
9140
6780
3130
4146
8087
1384
9709
4693
8909
2916
8468
6792
7682
9958
4158
5573
1571
6764
7254
4395
3630
4132
9820
5981
6467
2423
6660
4056
4237
1660
6566
6216
4532
4027
7418
3791
4037
7629
8001
4802
9832
6022
9900
1743
1526
1612
8109
7474
7215
9560
6882
7017
6140
1857
3996
6004
6723
2540
3234
9159
8923
3620
9266
4696
9856
5275
6668
9266
5241
1628
4977
8795
4121
8687
5496
1843
4774
6706
3879
9429
6705
4189
8171
3235
4188
6226
4723
5967
3739
7274
4091
2371
9333
9766
3363
3195
2336
8956
6088
8997
3374
6716
1354
3619
9392
7289
7125
3939
3226
3234
9684
7724
6606
5949
8759
9732
3787
5742
1803
8396
7813
7547
7260
3723
3914
4579
3041
4267
3139
8344
2547
4800
7682
9022
9185
6490
2398
7073
3006
2766
4695
5908
4438
3073
9084
5813
3216
9667
3584
9515
9658
9370
6784
5612
7402
9876
9031
8727
3338
5052
1886
7154
9027
3925
7073
5183
5169
9820
7647
8699
6833
5246
4437
6028
4101
4959
6417
7154
3015
3692
1310
6671
9907
3445
8236
4896
2794
6787
3993
6473
2204
6949
3027
8929
3895
9729
7122
6526
4307
9445
8053
3415
5163
4979
3040
4843
3838
4241
7382
6345
5185
3954
3103
4176
4041
4467
4266
9360
1525
8699
3382
3002
8033
4194
1262
3830
7418
2341
1470
7293
9062
8759
1606
5659
7754
2844
8232
9908
1562
1745
1773
1987
8785
7639
3679
6130
5919
5247
3202
3764
3154
6702
6976
3298
1363
4975
4345
7859
3672
8698
2757
2260
7133
6817
4621
1859
3290
8503
7999
7781
8011
3999
5047
7910
3198
3602
1655
2344
8882
7181
3803
1766
6686
7543
5914
1477
3353
6052
3976
2009
2685
6968
8500
2144
2597
9991
9678
4794
6627
9370
3111
9246
9504
7814
3030
7371
1375
6470
2043
2831
5641
2759
8635
5850
4826
8907
3560
4602
9307
9311
2742
7474
1744
8502
3474
1587
3031
5816
7157
2296
8020
7572
9004
6099
9033
8494
1763
3767
5491
4294
6760
5932
3593
4603
6394
6025
5776
1415
8771
7741
5741
2969
3430
2011
6187
8445
8604
8900
1884
2220
4504
7622
2731
6730
8374
4946
6568
1477
2193
5842
8811
3019
6412
8355
9732
2128
4851
3450
7086
6476
3831
6237
1558
3179
9908
5573
1367
8584
4630
2022
9522
8522
1853
2854
3421
2213
7512
8177
8045
3923
8760
7605
5652
3566
1764
8534
4750
7137
4172
9049
3877
3834
9243
8042
3154
7836
1642
3671
3004
8277
4658
6513
6822
3905
2183
8328
7891
6455
9673
4842
2272
9194
9468
1874
7357
6655
7230
2026
2286
9765
9580
4625
9180
9843
8804
5563
6974
7227
8499
7377
5674
2145
6051
1774
3447
5940
7303
2419
9773
4459
8735
9278
5961
3542
7494
9716
9270
8008
5490
3358
5845
7103
6790
3275
4574
5646
4608
6261
5978
3366
6736
3831
9987
8702
9868
3183
1281
8142
7164
2690
9905
7278
2212
5788
6871
4432
3450
9912
8710
7452
8492
4182
1824
8577
2192
9154
8423
4423
8541
1553
2586
2087
8046
4769
2722
5348
8195
1299
1959
3475
6842
8842
8374
7542
2490
1433
9248
8388
3523
7000
5502
1995
8606
3972
6410
1348
8327
4632
2584
8390
9011
2656
7030
9128
5979
8295
5678
7501
8718
8310
9606
2862
8937
9422
7743
8442
2820
7695
8816
5832
4224
1386
9725
7500
6305
9875
5284
5584
3804
3089
7719
9464
4944
4545
9528
4375
6844
7086
2447
8428
7833
