20 1000
66 87 19 15
939 120 13 12
751 112 19 11
1332 114 1 2
953 131 19 1
404 73 13 4
1252 100 5 18
509 58 18 18
379 137 8 12
1069 60 14 1
741 85 7 18
274 133 16 5
813 36 3 10
427 119 9 20
486 125 18 3
626 123 2 7
1074 80 18 15
378 78 2 9
449 34 9 16
1103 39 8 15
35 94 2 17
26 108 7 20
538 37 4 9
1087 136 7 18
295 63 12 9
141 63 5 7
273 53 10 15
935 86 4 7
873 63 3 12
938 43 18 15
845 43 12 2
863 116 12 10
26 108 18 7
598 69 12 9
620 115 13 20
840 30 10 5
34 104 9 20
57 40 5 16
983 78 6 1
686 107 19 6
548 72 15 19
778 140 19 8
967 33 19 14
939 100 18 11
416 98 14 16
847 117 2 8
1321 94 6 18
846 75 16 13
909 34 20 3
31 75 14 6
391 79 17 10
1101 131 17 18
356 139 20 19
357 47 13 17
489 38 9 5
891 39 17 6
79 43 5 9
803 92 5 15
930 24 3 7
949 130 9 16
999 21 11 5
590 38 9 7
537 102 16 3
766 117 11 18
1186 70 2 8
643 47 13 20
831 70 12 20
836 37 19 8
1308 100 8 8
606 46 1 8
446 117 17 2
896 53 16 6
900 83 4 3
1322 123 7 11
392 139 19 19
1279 37 19 19
1140 125 17 6
956 129 20 5
476 40 8 5
926 126 2 2
348 123 20 15
370 63 1 5
140 63 14 9
342 140 3 15
361 124 4 9
28 44 18 19
585 71 3 8
737 119 12 13
556 131 15 10
635 30 13 17
1127 58 14 14
552 29 10 7
322 63 2 6
1126 79 5 1
962 32 15 3
125 125 4 6
379 119 18 7
817 21 17 19
280 132 9 17
1261 55 8 14
1095 137 1 10
701 65 3 15
159 88 18 6
778 133 15 13
466 110 1 3
176 70 6 6
193 67 12 7
497 68 2 1
221 48 2 8
847 78 8 4
876 92 13 6
152 77 4 12
1173 95 12 20
870 31 16 19
1062 51 15 10
602 128 20 3
188 32 9 3
83 125 13 14
869 72 2 6
312 77 15 6
706 82 11 13
983 23 12 3
1276 133 7 16
225 66 4 3
858 121 1 15
1166 126 1 11
312 91 2 18
451 115 20 10
413 108 11 15
214 126 8 2
1319 114 20 7
293 95 1 12
758 106 12 4
1270 22 20 17
134 108 3 20
264 111 5 9
419 24 9 3
823 72 13 20
309 73 20 12
160 92 13 10
271 101 4 18
807 51 6 5
654 136 8 9
75 88 8 17
1206 93 8 3
132 116 4 15
975 52 15 13
116 85 15 19
1236 79 7 8
1115 63 11 16
993 24 2 15
289 128 3 19
779 34 3 13
861 109 17 12
296 112 16 13
445 105 3 11
834 30 14 16
437 61 1 2
887 100 7 14
947 38 20 1
1081 138 15 12
927 106 9 20
11 41 15 20
709 140 20 4
315 120 18 4
73 58 1 2
162 60 4 11
790 71 10 14
51 134 5 2
830 72 5 5
1084 56 11 18
50 105 2 2
1161 78 1 15
1096 52 17 10
1035 118 8 14
382 104 16 20
882 96 5 5
423 66 7 7
1047 66 6 6
1309 131 16 12
1308 48 5 3
240 28 2 11
171 70 13 5
1265 112 14 16
879 102 8 2
197 59 4 3
739 85 5 16
1006 56 15 19
260 102 16 1
1086 104 11 14
732 90 19 15
500 43 14 7
1066 46 9 13
1042 31 19 7
563 23 5 13
863 46 14 16
828 127 16 15
954 127 1 9
1109 107 9 7
587 25 15 19
75 43 2 10
393 111 6 6
832 38 4 9
324 60 13 7
823 97 17 2
193 88 5 17
615 140 11 10
947 70 8 17
1077 54 18 8
1102 78 18 6
467 26 17 2
814 69 8 7
645 117 1 6
409 87 15 9
823 25 18 12
1143 71 13 5
675 86 13 20
855 112 9 1
551 23 3 7
998 29 11 11
577 106 4 7
872 50 7 14
276 73 20 9
1038 34 16 2
701 106 15 9
115 89 14 19
200 130 2 1
669 112 12 1
580 52 16 11
432 99 9 5
62 111 17 2
996 28 19 5
153 52 11 11
826 53 13 9
670 25 9 4
908 66 16 13
131 122 17 18
229 92 17 18
677 114 16 19
177 54 19 18
787 93 14 19
309 109 12 4
491 43 12 5
1013 81 11 15
1149 58 3 20
333 86 1 11
1192 133 4 3
1235 57 4 20
101 92 18 13
630 60 2 2
324 110 1 6
1162 126 12 6
222 85 19 18
824 68 2 9
1320 109 9 20
485 133 16 17
948 125 14 12
546 77 18 18
828 30 8 7
801 127 9 13
471 127 14 16
2 56 20 14
497 100 1 14
590 39 4 18
968 70 4 18
1115 61 10 6
505 123 11 14
200 92 1 19
748 88 2 9
233 27 7 10
869 43 10 10
724 26 7 9
382 81 1 12
1072 78 11 14
449 54 18 20
1183 51 5 15
300 78 11 5
93 119 4 20
274 99 12 10
990 33 6 8
449 98 11 6
1304 54 19 9
537 120 7 9
1187 31 15 16
1022 117 14 13
67 92 19 8
830 118 19 4
488 127 7 19
392 116 8 6
533 115 20 8
729 61 8 4
176 47 5 15
1183 74 6 2
1025 121 15 2
850 32 7 11
482 30 19 6
338 140 3 16
805 22 4 8
654 52 13 6
706 130 15 11
918 112 18 19
1013 25 4 10
0 68 2 10
742 28 3 11
1144 135 5 16
1117 137 10 20
343 106 5 12
1124 114 1 20
1197 109 8 20
1008 94 1 2
1138 77 10 14
537 75 19 18
1159 86 14 13
1038 38 9 4
636 81 16 20
951 95 3 17
1294 89 8 10
670 115 17 2
342 50 8 5
632 109 7 4
669 26 13 19
977 94 1 19
568 61 14 17
1201 58 15 2
557 126 3 9
192 78 19 3
409 131 9 6
578 88 13 10
1064 92 18 8
72 113 16 1
825 136 1 20
568 111 7 11
1115 52 2 18
1326 113 17 12
492 32 19 13
1099 33 7 15
223 63 3 19
567 103 3 3
158 27 7 10
1087 72 11 8
196 103 17 19
58 94 13 2
330 26 3 16
1276 75 20 1
911 95 12 16
297 48 6 16
536 91 8 16
742 140 14 13
1059 20 5 4
679 129 15 15
798 86 8 13
288 79 2 11
780 67 16 4
970 107 10 14
808 78 17 5
913 137 18 4
697 136 9 8
261 67 17 4
741 140 18 10
35 71 3 3
62 71 13 2
999 58 13 17
476 120 6 8
1053 55 11 17
747 57 7 2
981 92 11 3
1255 42 15 18
1052 130 7 18
372 30 13 3
1233 44 5 8
1026 64 10 9
156 76 4 14
163 93 3 16
206 89 16 13
716 114 14 11
1126 62 13 13
6 77 6 17
1304 98 12 3
1275 103 10 1
747 84 6 10
979 20 16 7
760 44 5 11
1289 77 16 1
751 92 6 18
912 126 2 15
1048 111 19 16
813 72 1 18
178 53 2 12
623 101 1 2
953 24 3 13
975 54 7 11
1039 59 6 17
279 71 7 17
533 40 5 20
169 52 9 19
671 136 3 12
424 97 7 1
100 101 2 8
452 127 12 14
176 68 4 9
1180 139 5 3
319 69 9 15
270 52 8 17
483 112 6 1
109 110 4 2
1076 80 13 12
175 77 3 18
1159 38 5 10
930 44 16 16
1315 126 3 12
620 117 3 1
1236 82 6 17
1014 103 18 1
23 80 7 5
299 31 17 16
814 33 15 1
831 70 17 5
279 31 13 5
1304 63 4 8
648 72 18 19
126 26 5 16
367 58 3 20
824 64 11 10
1333 123 20 11
698 25 15 1
1245 77 20 19
111 38 17 2
151 86 5 10
663 49 15 4
1116 38 17 10
1043 64 11 2
1108 62 14 4
25 87 11 20
626 134 9 14
862 127 10 7
1107 39 8 19
703 45 2 12
137 104 16 16
655 131 2 12
819 96 19 4
247 81 13 9
393 127 17 19
1282 23 7 11
872 116 10 19
332 32 5 19
498 37 3 4
114 57 2 8
849 120 11 16
1085 133 13 18
601 60 6 9
353 77 13 13
866 27 16 2
921 50 10 9
470 28 2 6
875 82 12 9
82 63 15 1
69 52 4 3
167 42 13 7
452 79 6 20
348 82 13 16
558 40 20 1
412 81 14 14
719 124 9 6
385 79 18 5
506 128 4 5
80 100 1 10
728 82 2 18
138 54 10 3
1129 86 20 1
148 39 12 18
103 27 11 12
1289 95 15 4
1149 39 10 7
1279 117 9 14
995 35 8 20
848 74 9 8
806 94 3 2
815 47 13 18
658 79 8 3
26 133 16 5
891 88 16 8
969 57 15 7
1106 30 13 10
1338 104 6 13
796 114 8 20
32 42 5 12
536 55 6 7
138 110 16 9
21 74 14 19
945 96 7 6
195 90 7 18
126 102 13 20
723 80 13 11
173 42 9 16
762 76 3 5
930 133 14 19
362 24 13 19
1101 92 7 8
1045 46 3 9
669 121 6 18
1069 98 20 16
147 110 15 16
257 25 5 16
149 20 6 20
1021 44 15 8
556 108 9 11
364 37 17 11
165 86 2 1
1038 40 1 12
976 131 13 13
882 139 17 8
23 61 5 16
196 123 2 5
1110 115 15 17
145 51 7 10
181 26 17 11
65 126 6 19
1288 129 5 1
993 90 5 11
1194 139 5 18
1237 26 16 11
1274 122 1 10
719 73 16 12
388 97 1 17
228 48 15 13
765 75 2 9
347 118 11 7
901 58 14 10
295 105 16 12
1221 68 5 7
378 41 7 13
417 43 8 17
783 94 15 8
1193 100 14 8
473 22 12 12
67 48 9 1
348 65 1 20
244 32 11 12
1300 102 10 9
1142 111 7 4
891 101 19 16
1070 30 12 1
1316 51 18 9
450 95 10 13
627 108 4 19
353 103 19 11
1174 78 6 19
371 88 18 2
95 27 15 14
101 38 10 11
87 41 18 14
1269 34 4 11
198 20 18 6
1199 106 7 5
696 91 4 4
513 122 19 7
229 35 16 20
29 113 9 12
264 108 1 12
54 64 16 4
1198 99 11 14
133 97 7 7
1184 26 12 15
959 124 3 2
50 70 1 17
530 132 15 2
1181 128 18 19
708 62 13 20
911 110 2 10
552 94 19 1
97 48 15 16
747 58 8 12
216 93 6 7
1322 85 1 17
1035 116 15 9
205 27 13 19
767 82 4 15
237 35 9 13
560 52 7 14
1336 84 6 20
296 108 18 3
926 95 15 18
500 132 7 13
356 119 4 14
127 88 12 10
110 47 5 2
162 98 2 15
233 43 3 1
553 90 16 3
307 119 13 18
395 50 2 6
1207 108 12 18
1190 123 12 18
168 110 19 12
974 118 14 19
206 83 12 14
1045 81 17 9
1323 101 5 14
267 136 18 7
402 135 12 12
283 47 9 10
817 63 15 11
993 101 7 14
321 59 17 9
676 82 19 8
372 50 5 5
389 61 20 16
325 20 8 7
833 86 10 15
621 89 11 7
1148 51 8 14
315 137 11 20
777 104 8 7
728 106 17 13
1272 29 6 2
580 138 10 10
526 86 11 1
1231 125 11 7
201 111 14 13
193 125 8 17
975 46 2 19
1197 91 14 19
1207 121 18 15
1171 46 18 4
903 119 17 9
308 41 5 5
1103 115 19 2
1042 73 9 9
852 111 10 10
162 114 19 10
43 78 6 6
514 101 8 20
733 100 2 3
334 54 11 11
249 26 14 6
293 80 14 18
845 52 20 12
988 96 16 17
319 118 7 20
451 66 15 8
143 115 18 6
512 131 20 4
647 62 19 11
260 31 2 6
594 127 3 19
27 109 10 7
102 39 2 11
1291 105 6 18
672 85 10 2
910 134 12 13
1050 137 7 8
1245 92 4 15
1163 98 11 18
266 31 8 8
29 43 18 10
715 113 8 4
320 97 16 14
1264 24 20 12
174 20 1 18
422 132 1 17
757 126 19 11
642 74 1 20
1078 23 3 8
1283 90 14 8
865 58 10 13
500 68 13 11
699 28 12 4
191 72 10 6
1249 57 2 16
538 49 15 10
928 115 4 9
443 20 20 9
845 79 17 15
1234 63 9 5
841 32 16 16
934 70 20 10
417 52 12 15
389 55 14 9
538 67 18 20
1337 103 19 19
568 97 15 6
184 97 14 4
203 46 8 4
619 93 13 9
553 27 8 7
303 64 4 15
548 69 17 18
1046 109 15 12
372 73 8 5
843 94 9 9
625 98 2 3
925 107 10 5
348 96 3 18
1049 62 13 1
700 133 5 1
1212 139 7 5
388 98 6 19
529 34 18 15
499 102 8 1
1224 135 3 13
768 80 3 3
559 128 8 7
306 58 15 20
58 62 3 13
302 68 2 11
566 108 11 10
1301 93 12 20
352 137 5 17
770 130 4 15
184 95 5 9
106 30 14 18
81 104 9 15
573 110 14 20
1176 133 8 15
352 71 11 15
180 108 17 17
1088 52 9 6
783 31 1 1
182 23 20 6
1035 26 1 3
688 36 15 12
813 122 14 19
1241 48 3 6
263 98 4 6
281 44 2 20
45 69 18 11
786 49 18 5
1338 27 1 2
205 140 18 11
1153 43 19 14
196 87 13 2
62 64 14 3
874 90 2 11
960 57 10 14
207 46 17 16
860 57 20 19
782 76 11 17
743 50 1 3
201 93 10 18
699 95 7 2
408 94 5 3
232 37 9 2
1033 130 18 6
593 132 3 10
485 91 10 1
610 97 12 18
614 28 19 2
696 116 9 15
341 36 1 2
1297 41 12 20
1036 36 12 7
1203 25 11 8
709 72 12 8
1018 56 15 7
812 138 18 3
58 132 17 10
1077 80 1 5
997 112 3 14
138 84 2 9
1305 36 18 9
1105 69 2 7
230 47 4 16
177 105 18 7
25 75 19 6
398 71 13 8
946 110 3 13
24 23 11 15
497 75 4 19
1074 51 20 3
206 126 11 6
476 93 16 14
131 114 7 7
654 102 5 6
1218 23 7 6
323 74 18 3
341 93 3 8
878 47 12 13
750 72 3 2
89 34 2 9
729 137 19 12
238 50 12 18
262 61 2 16
141 54 9 12
890 55 10 5
1147 138 6 10
1066 47 15 12
1320 80 15 10
335 72 8 15
789 116 16 16
392 27 20 20
973 74 12 1
377 84 15 4
1144 59 3 13
674 98 17 14
208 74 4 3
325 102 1 16
594 112 8 19
993 109 1 3
332 82 10 13
690 47 5 9
1139 114 3 14
1249 112 4 10
697 123 18 11
728 140 3 1
520 63 15 15
755 96 11 18
369 121 8 20
271 63 6 9
1232 93 5 15
1060 63 7 15
1231 126 18 1
1028 22 11 17
1051 42 4 7
456 140 8 11
400 71 20 5
981 88 13 12
929 54 14 17
729 125 7 1
313 118 9 16
165 105 13 15
512 43 5 14
939 23 5 17
39 110 1 8
176 131 13 5
1101 104 3 15
47 127 18 7
252 85 5 3
340 90 10 9
821 134 10 18
132 104 13 20
761 41 2 8
148 133 3 16
243 86 4 12
383 44 17 8
583 110 9 2
466 21 11 5
412 97 15 12
582 23 10 7
400 40 13 15
361 95 2 6
884 117 6 11
388 52 4 4
746 81 8 15
27 125 7 6
175 82 12 8
199 48 8 15
555 122 5 11
360 137 6 16
1296 100 16 11
48 43 20 17
387 59 7 2
967 122 11 3
1226 107 16 12
838 102 6 8
203 29 16 7
749 75 12 9
145 75 11 19
663 116 5 20
1128 80 4 8
128 116 1 12
798 24 11 5
997 117 20 6
415 21 5 4
892 110 18 3
339 134 11 16
95 60 20 15
1098 41 9 4
693 39 19 20
1118 118 19 15
1127 122 5 16
1073 30 13 11
623 29 8 19
964 61 4 20
192 130 7 16
86 85 3 2
379 26 13 12
814 61 11 3
767 58 14 16
1282 45 16 14
385 20 7 6
737 70 14 5
1259 47 1 9
1112 82 7 13
266 34 13 3
1202 121 20 8
692 35 4 19
234 83 16 9
37 22 4 13
921 96 18 8
777 86 14 9
1042 116 20 17
16 109 14 1
956 48 15 14
450 68 18 17
163 96 1 16
256 56 20 9
327 83 20 17
201 39 12 9
1161 48 18 15
1156 75 6 12
910 74 7 18
392 119 17 13
661 128 12 19
510 66 20 6
1028 39 10 6
686 65 6 4
128 124 8 8
359 27 17 17
693 59 15 12
620 41 14 5
906 41 20 17
919 73 1 14
587 63 20 2
744 54 13 18
380 76 6 3
188 78 5 2
170 127 16 20
615 92 18 13
1288 137 3 2
1196 72 6 2
517 49 14 1
9 135 15 9
967 88 13 11
85 115 2 13
738 131 15 12
1285 129 17 6
1066 74 7 2
1220 106 7 9
899 56 13 20
748 61 13 17
920 31 1 10
119 73 3 20
862 58 6 11
1266 128 15 17
941 45 16 16
120 28 2 17
329 124 10 8
153 41 20 2
395 125 13 8
1099 104 16 19
1138 71 5 10
1031 102 15 1
286 99 10 4
1309 90 18 6
400 23 10 20
308 100 2 18
396 37 8 4
1182 112 3 4
974 101 10 5
965 116 12 6
300 106 5 1
87 44 16 19
755 101 12 9
153 30 10 9
1253 60 15 5
1244 25 7 9
1234 51 14 8
922 103 13 16
9 121 13 17
311 91 17 17
219 89 7 7
63 83 15 18
261 132 18 12
289 89 13 19
161 39 19 7
899 29 16 7
39 52 15 8
887 74 13 10
1298 61 11 18
471 75 4 13
125 71 10 11
936 32 20 7
911 127 6 7
576 119 2 2
331 137 13 2
223 122 7 17
914 109 7 17
323 46 5 11
863 39 5 1
1047 90 15 18
9 60 3 13
932 71 9 5
1283 97 17 8
1332 90 15 9
323 43 12 16
141 93 20 5
1192 70 5 16
117 54 4 19
1170 119 1 17
792 135 14 20
96 99 3 2
1043 72 2 15
1264 102 5 17
168 103 15 10
1013 24 10 14
631 111 19 19
959 105 7 10
627 39 3 4
166 70 10 2
800 97 15 13
