1700 20
843 53
392 301
626 40
414 393
886 91
1084 196
1191 314
1145 64
1293 263
793 227
48 29
1298 344
322 80
480 100
575 224
627 171
201 85
219 21
707 333
674 450
1059 415
545 471
946 18
249 16
981 88
228 252
1341 55
445 183
948 224
1148 411
1132 173
705 295
1409 176
1141 158
1176 459
86 85
883 267
1177 253
844 113
1388 13
99 305
226 386
1315 228
484 207
456 399
294 130
213 181
546 350
1232 174
54 360
1019 150
633 43
244 460
833 398
376 495
1408 413
1207 276
767 347
1157 493
776 190
1317 436
135 481
1388 124
111 55
414 378
715 203
1105 214
399 235
185 89
1231 12
123 391
1332 46
1311 388
433 288
226 308
1255 355
651 110
962 496
12 96
354 178
94 487
123 477
584 409
1168 89
736 101
828 256
170 235
609 194
927 146
293 85
996 182
1217 216
277 143
570 8
993 389
1025 480
271 141
76 301
1323 439
1149 186
1293 147
30 424
264 490
1283 245
1002 123
701 256
1223 248
1420 487
1251 185
492 58
518 193
741 106
1402 377
492 369
198 158
507 369
238 130
702 494
903 15
854 303
101 414
298 438
226 189
589 301
1357 423
527 372
1144 327
632 92
218 471
558 47
461 332
808 187
482 236
838 460
1302 279
114 268
362 223
956 442
994 467
1119 337
287 32
481 161
1108 407
529 497
63 12
198 182
6 484
528 257
99 72
1121 450
1207 174
207 385
845 380
101 352
616 85
1055 444
1133 463
17 61
762 385
274 254
536 434
355 487
652 250
149 43
1324 147
911 110
510 234
1112 205
563 29
747 238
372 433
236 85
800 436
1034 324
1099 5
1225 270
1118 257
785 299
1265 73
1015 274
460 150
757 405
627 84
1284 164
403 31
960 82
945 180
65 207
399 34
645 355
401 397
569 128
1029 241
991 487
1132 269
464 388
1260 214
685 239
831 267
1096 325
580 71
1094 322
1392 313
288 109
479 53
1128 436
1093 399
136 371
1056 487
1354 207
906 437
1320 448
686 166
930 8
1262 448
258 50
461 496
768 392
1212 347
332 456
1096 385
1054 189
1034 326
553 216
977 170
1103 155
147 350
1149 360
402 21
299 88
433 105
137 154
840 306
720 91
945 207
559 431
796 499
1364 456
962 150
1276 360
1134 187
79 105
39 426
332 355
94 335
849 339
226 209
534 67
1230 239
22 413
532 118
43 353
1355 89
622 476
871 378
352 173
709 313
962 258
1158 254
738 258
1032 242
94 133
259 190
791 258
813 102
470 21
547 194
22 284
617 178
572 33
524 431
1041 187
777 19
992 25
632 127
134 340
1006 137
445 130
748 321
598 450
762 113
1091 473
696 255
377 338
123 63
967 116
118 201
974 123
1352 466
56 225
673 346
486 406
1395 443
1000 109
568 107
289 163
349 457
1364 460
647 178
351 271
1032 347
573 391
1215 170
824 231
125 153
406 441
370 258
1299 400
850 127
787 223
880 42
207 257
977 326
1100 73
551 393
22 238
1312 393
739 116
1048 176
729 491
933 86
621 16
496 404
419 437
856 276
327 30
106 32
600 162
1264 487
1268 368
1148 74
1072 287
325 127
768 463
74 357
1348 189
605 37
1302 379
176 421
650 442
995 400
1370 281
253 319
1357 498
168 449
242 271
81 10
1128 191
1076 51
95 94
725 89
1238 398
307 485
125 462
929 114
999 401
4 384
509 351
1239 177
519 145
398 67
3 258
973 338
771 292
388 116
342 249
416 252
321 81
53 230
946 224
26 172
700 22
601 265
1196 489
845 28
803 123
477 122
834 281
273 187
243 113
583 70
264 307
1113 17
137 86
1039 308
1122 333
1213 26
656 121
1420 287
745 489
1358 90
651 235
912 418
972 35
276 405
805 357
77 46
779 63
353 450
478 149
524 483
389 322
558 361
18 254
1406 85
326 359
619 329
1145 451
864 317
1075 355
194 207
516 95
1372 187
827 189
885 498
1228 398
44 434
357 283
906 145
564 168
1185 497
1256 247
975 31
132 457
1373 310
1371 341
859 349
1071 401
284 259
829 76
351 458
816 150
1235 22
1344 183
1319 419
665 475
12 92
1069 318
162 335
1303 63
903 395
618 169
1056 435
606 259
1255 485
444 244
96 467
106 67
634 360
1145 34
999 225
570 480
1392 34
274 335
705 391
817 348
854 357
995 351
27 21
454 94
60 480
759 279
91 435
406 320
668 483
1369 327
262 264
741 95
426 38
1413 221
103 400
834 210
186 49
262 312
849 345
792 274
825 405
389 359
1046 44
1057 492
417 224
1096 188
672 99
1210 199
1305 397
481 462
798 248
1015 475
73 200
1337 262
1248 373
502 133
655 448
380 254
1253 414
8 453
274 8
311 4
510 106
235 189
593 182
308 392
981 195
608 478
741 160
136 413
341 116
366 372
327 45
890 230
90 405
569 10
739 317
593 332
765 105
1295 52
80 191
485 455
1331 244
35 196
920 294
1007 109
31 469
273 55
1395 108
744 233
296 31
1069 128
204 152
498 124
821 484
667 231
1066 107
1215 458
719 170
660 485
802 304
1258 207
297 79
229 406
599 22
197 185
709 494
1365 18
1070 180
1129 216
1016 353
967 107
1391 378
427 157
958 331
379 286
369 222
1311 292
700 255
200 367
1153 166
1258 109
305 129
1031 33
1332 176
295 75
522 325
1197 328
932 500
543 428
657 351
950 397
874 375
1407 117
457 114
379 29
1139 205
17 431
241 339
367 499
1243 247
1382 34
394 366
1212 483
805 451
48 160
637 396
1181 472
399 436
90 299
815 463
798 313
1368 362
633 313
1147 106
1145 319
948 410
473 166
1376 239
1199 217
276 288
451 292
525 102
638 17
488 197
976 98
974 177
71 471
589 279
291 57
554 148
1011 164
344 245
1347 412
1041 345
722 370
474 239
27 438
877 205
1401 380
1309 433
528 186
604 53
684 109
385 217
1145 407
387 394
997 332
490 167
237 259
524 119
898 65
55 202
1087 73
277 164
408 238
1309 258
431 375
1159 161
1258 357
1379 48
1365 428
110 385
986 99
1176 265
856 355
1033 293
1170 434
291 174
1134 343
1080 108
260 325
538 474
456 264
564 23
377 415
1106 168
799 428
312 103
1309 406
1018 193
342 319
127 53
229 211
868 165
310 47
1238 336
538 488
36 250
85 274
100 300
1116 410
594 96
689 405
77 246
707 384
921 292
335 210
1035 83
1349 264
742 287
837 94
1167 399
542 129
328 17
996 350
350 460
49 129
626 55
439 274
400 140
1415 261
454 271
445 463
234 385
161 376
1386 224
1174 447
389 262
666 490
67 398
422 372
466 211
1116 425
221 129
1187 113
118 46
379 375
509 105
1300 465
1299 119
223 345
759 399
764 338
1035 345
361 188
1406 93
26 11
291 90
223 455
392 198
647 442
877 491
185 428
1248 106
327 189
1168 303
1393 65
779 480
831 179
523 433
736 379
1029 202
216 122
66 364
1041 202
993 177
1207 189
2 360
955 452
746 315
629 441
19 266
1098 60
609 14
515 143
471 198
793 497
775 434
1330 221
559 227
23 294
105 302
1166 402
595 124
197 184
621 293
293 59
587 7
460 257
735 229
872 431
1006 125
107 82
1188 372
798 49
1333 482
178 172
1323 32
149 193
1062 100
1373 46
437 360
669 455
1297 382
938 205
237 80
1210 494
1292 144
1093 174
788 267
879 361
1144 329
1236 417
68 484
522 225
941 238
890 36
795 388
254 333
967 475
309 238
767 279
242 274
316 213
552 48
1167 169
1 45
355 1
94 422
565 97
190 323
811 13
1118 349
1212 187
860 456
1241 464
376 123
509 188
1104 57
829 195
394 472
1002 279
390 108
180 183
1296 91
1029 6
1223 28
795 253
1247 158
251 47
81 483
1127 88
1261 492
1246 368
360 127
999 1
689 156
502 66
291 56
800 58
297 201
1155 29
1078 303
374 232
103 126
656 409
804 363
584 107
845 393
1135 324
600 111
1365 196
623 219
1205 129
149 264
402 378
1307 282
550 35
535 240
1174 318
587 298
674 133
457 124
206 228
340 261
531 364
1127 231
103 56
837 369
1036 163
365 10
842 190
1247 398
45 345
71 47
1339 278
781 252
350 414
954 309
246 151
537 69
725 407
1306 27
93 427
1072 377
143 395
40 228
430 162
1023 485
1313 152
227 186
542 245
1278 410
708 219
1419 260
795 118
896 312
826 350
396 75
1218 153
1048 381
825 249
115 22
512 273
816 148
1121 498
649 487
739 86
740 31
18 198
754 153
558 350
775 326
1161 156
827 68
979 482
1392 143
12 195
925 27
431 207
865 146
493 363
1310 48
375 239
735 10
1324 23
1097 226
189 23
29 142
1197 263
906 180
210 121
574 189
293 118
118 386
950 294
672 246
1090 151
900 28
532 97
414 125
38 209
1226 278
1077 369
488 80
1272 439
311 256
945 264
622 478
499 70
1394 489
977 400
411 316
838 343
1062 38
1105 234
1242 470
198 267
513 2
793 326
900 473
1166 118
483 368
1137 133
119 22
226 224
255 171
1310 103
594 13
627 42
29 367
595 183
1176 415
1323 316
526 87
192 144
807 355
1364 42
760 445
1358 492
686 160
692 359
821 405
1269 283
1123 54
1133 220
1284 240
459 190
614 83
457 15
40 373
444 279
488 52
376 148
1100 256
812 216
421 444
180 421
198 137
880 449
22 136
812 267
1323 136
600 316
1366 236
58 61
900 450
892 32
1344 97
322 323
979 316
476 158
443 369
882 360
687 285
878 162
737 153
1143 391
1420 473
881 388
520 441
1109 422
395 176
25 213
996 229
1183 349
812 27
695 474
94 8
500 395
219 486
1028 328
407 340
865 222
965 491
776 247
186 318
988 176
492 390
1058 87
1106 173
548 343
157 84
415 299
465 310
433 267
491 489
850 480
308 345
403 422
689 41
99 255
1144 97
816 238
431 481
494 356
412 385
1320 59
814 363
369 102
930 43
477 230
237 41
299 18
426 363
994 11
727 364
107 401
1253 234
1222 180
1023 349
1326 408
761 11
362 403
912 177
509 340
337 68
150 9
273 146
1222 364
1290 348
649 427
311 318
241 158
332 55
6 353
788 168
430 157
1164 30
7 61
598 361
832 418
1373 39
1403 190
1182 310
845 323
372 134
111 100
726 64
279 10
605 103
501 93
485 354
353 136
1066 328
844 14
501 80
1267 362
876 192
562 431
590 497
1090 461
1030 370
1106 196
1417 338
803 245
1377 459
862 488
840 455
1304 354
680 174
946 277
299 167
1249 178
1025 423
1310 97
18 50
1031 3
1369 411
1004 287
864 497
665 298
560 195
1273 12
834 145
401 493
1374 220
13 343
713 419
1061 134
1006 127
1243 464
1043 389
121 259
454 278
1401 407
726 262
1324 457
1317 442
290 375
611 402
656 147
474 125
382 105
1047 125
885 413
1011 43
29 377
423 352
1194 150
1081 135
192 411
189 336
1072 257
92 325
390 336
1099 280
465 293
1006 122
134 35
1169 210
221 354
19 151
669 48
7 358
609 487
546 10
279 195
1216 204
608 321
1074 300
570 49
1339 494
498 243
1347 45
397 209
664 455
70 195
1344 390
640 75
1069 163
463 465
1062 463
1215 367
1200 451
1221 191
185 344
955 105
1208 493
221 107
205 70
580 401
1379 189
595 347
692 276
884 271
821 391
939 376
106 109
614 50
1080 384
704 495
1110 126
294 336
602 385
941 322
779 185
771 477
1248 179
749 186
1114 129
670 29
1249 199
304 373
447 284
234 205
592 102
89 444
516 264
1335 27
1190 191
1170 356
469 449
723 297
936 271
252 339
510 214
49 194
705 191
1250 153
911 458
286 213
590 347
426 256
1216 215
912 303
1020 225
1120 152
1419 347
1126 101
1184 381
1399 63
700 38
1148 490
6 419
296 340
1407 477
884 379
1338 258
612 49
68 47
582 369
94 407
785 210
1173 190
65 466
874 43
151 288
485 212
605 447
1382 23
1104 209
540 125
897 324
462 357
701 323
477 162
323 249
1296 136
731 49
486 153
999 94
214 428
1101 391
594 447
71 400
331 78
1321 234
126 371
812 164
836 355
906 58
655 344
1009 10
1044 354
738 414
937 205
634 44
51 351
31 60
912 281
655 443
267 94
1010 192
481 73
1328 30
1269 131
188 493
1209 341
617 80
421 301
153 455
1184 85
406 428
34 224
202 448
712 278
234 349
1252 437
1025 265
759 494
83 360
17 419
128 287
66 366
662 64
1264 315
306 165
98 57
901 369
913 244
47 362
73 447
1308 130
315 195
626 75
359 171
276 97
1033 41
1050 409
421 134
40 81
3 144
271 336
841 74
1361 336
1398 459
504 123
168 183
373 187
534 219
1214 57
215 371
675 19
336 32
1355 478
508 499
742 445
982 214
1266 401
971 400
1393 40
1219 326
155 341
257 11
1136 286
196 120
344 424
821 460
1341 354
1127 376
586 90
845 127
766 456
945 414
1330 243
759 41
911 233
1394 196
1068 34
983 283
274 370
600 403
480 105
416 140
468 123
279 258
1287 163
347 205
1179 426
954 38
831 392
744 317
221 5
186 498
1377 198
928 149
1013 348
177 244
1186 111
843 49
208 405
918 199
133 83
1088 98
357 463
919 416
1007 352
1023 394
1130 342
1349 153
1057 83
850 100
4 142
614 324
140 410
11 144
1175 382
265 397
875 68
1345 284
150 264
1340 120
474 217
113 331
968 291
363 196
506 28
1210 374
971 253
677 94
1298 367
209 316
764 191
189 320
1415 118
593 386
379 164
517 256
1259 137
1411 199
410 484
77 46
1079 300
96 235
795 332
1281 405
612 249
669 491
872 164
53 375
904 444
556 129
13 383
923 7
142 115
713 340
923 75
268 213
953 93
386 162
314 461
505 54
355 257
127 298
1006 215
918 67
1333 29
830 448
919 320
1116 394
1204 174
889 312
1344 130
329 331
406 449
1212 136
1287 277
695 307
843 435
183 38
168 115
1019 226
228 127
488 388
1363 56
1105 445
1321 445
1399 151
48 16
474 124
360 261
877 98
587 273
199 4
1074 318
706 26
401 265
1339 76
1365 341
1124 199
1380 270
785 349
838 251
1341 59
790 291
846 30
803 384
119 107
828 106
1286 40
789 77
1030 269
176 257
896 127
1149 312
998 131
482 107
506 36
1292 442
911 413
845 254
281 31
776 259
190 485
775 271
87 244
626 396
246 397
578 332
892 38
1186 366
1035 273
744 388
1288 425
33 413
146 203
1178 184
551 433
979 310
163 109
832 139
645 146
1349 216
204 161
625 118
889 361
1348 23
530 373
615 98
1066 78
961 185
68 345
1205 352
1383 351
108 158
610 126
593 488
525 212
772 344
1202 476
502 137
164 470
528 201
751 174
1086 101
643 6
966 269
1028 151
848 99
1161 67
189 350
528 452
393 470
1255 444
85 128
820 122
786 36
327 73
250 479
749 410
1354 339
723 420
1297 466
559 211
263 488
780 139
303 87
434 214
1106 471
1057 24
847 141
1274 438
1219 411
315 97
591 403
346 36
1161 399
1103 168
1261 103
1281 376
1402 444
384 259
1376 103
1246 423
389 315
663 176
874 129
1120 494
1168 4
831 224
596 141
635 454
1377 274
607 348
518 352
653 303
663 164
1335 231
1222 121
418 56
1295 35
652 328
191 305
520 274
618 466
1114 38
792 182
864 393
2 69
959 375
1420 457
1091 438
338 445
1180 39
1171 486
486 421
1393 279
136 404
833 465
128 188
828 377
29 475
366 181
1067 409
661 142
1126 107
121 99
1347 209
399 494
1164 7
730 499
508 480
359 320
86 286
336 329
249 353
487 299
150 365
419 371
369 409
768 479
774 48
731 359
823 390
204 475
1251 39
766 145
663 168
1133 45
1004 243
517 443
1248 468
1055 177
861 181
1208 12
449 460
815 115
472 31
1028 229
1138 444
1321 275
756 22
600 80
380 297
353 306
1265 286
545 165
45 110
925 97
293 203
785 161
906 273
1385 308
1039 499
1244 325
359 147
1156 293
1021 148
52 312
626 385
1171 290
453 163
33 500
1368 109
111 473
844 119
8 227
1008 447
54 15
1303 269
654 30
996 58
